# dag_S
2000 4014
37 32
41 28
71 19
95 49
-16 32
-3 36
79 23
94 28
10 42
17 24
85 34
31 24
13 39
80 35
11 32
29 12
57 14
46 36
-10 11
-17 25
84 24
71 34
81 4
45 48
78 22
19 12
34 36
75 21
-6 6
16 14
-5 25
34 3
98 27
-4 32
26 17
28 32
89 32
4 50
40 29
11 31
-18 32
70 20
-13 4
13 46
40 21
38 1
-6 9
98 16
70 35
96 38
-9 41
67 9
15 27
45 19
91 12
13 43
67 35
-1 18
19 5
97 13
30 24
42 45
15 41
-6 4
31 2
55 43
35 20
73 16
23 40
54 11
73 38
90 25
31 8
-16 25
66 41
43 49
85 31
35 38
24 13
-13 24
35 12
57 28
73 21
83 16
5 8
51 50
77 33
11 20
21 15
81 45
50 9
41 33
61 27
41 46
98 43
71 18
-14 32
-3 21
45 2
79 19
-12 29
62 42
71 50
75 48
85 5
3 42
47 11
77 23
23 27
3 42
38 37
-11 37
6 49
83 26
60 10
84 10
81 42
86 12
17 18
37 36
54 20
13 10
91 20
-20 29
81 31
58 41
10 12
67 33
29 44
81 31
100 39
14 13
36 41
6 6
63 34
57 2
82 19
77 3
98 22
96 12
88 16
-2 28
-15 33
38 22
21 5
88 11
76 28
31 16
49 2
51 24
87 42
-18 40
39 1
61 33
34 11
91 3
95 26
80 25
36 8
87 10
-12 19
59 43
12 7
9 45
62 24
72 28
87 49
5 37
85 17
80 35
18 34
-13 41
73 26
79 14
35 29
-1 12
-3 29
25 38
71 38
18 48
-17 7
63 12
70 42
1 29
47 9
27 28
40 32
-20 19
56 13
11 38
47 50
30 7
53 25
-8 19
24 10
56 22
72 12
26 48
-18 11
67 35
41 25
59 36
-1 31
32 50
86 27
84 12
18 23
56 31
-10 17
78 6
12 12
21 9
96 41
45 35
85 46
3 42
71 10
100 32
-11 47
9 29
-3 33
11 40
17 3
-12 48
88 43
11 47
91 5
72 41
0 42
64 22
73 10
-5 39
-5 8
25 12
-12 34
30 46
38 47
60 14
49 3
35 50
6 41
50 16
35 4
81 14
64 16
67 17
49 28
24 25
14 18
34 11
49 49
24 14
-3 7
-7 45
-15 32
4 47
29 14
14 8
1 28
18 23
66 2
17 21
91 33
49 42
-4 43
97 34
86 14
73 21
-1 16
75 40
64 10
71 31
66 22
52 11
21 7
91 40
98 5
63 24
23 33
40 45
47 7
-11 34
-10 50
39 8
47 17
5 38
11 39
-4 30
90 45
41 28
13 30
74 21
96 5
15 34
88 30
73 4
76 24
43 26
90 25
-2 47
-10 19
96 11
39 44
28 7
68 3
15 21
57 5
82 26
77 30
-5 19
97 9
68 25
64 23
2 34
91 46
27 40
93 47
8 3
-9 49
81 20
50 47
27 31
98 34
97 2
-19 2
55 48
77 18
63 33
52 42
43 25
44 50
17 23
-3 1
27 8
64 23
93 4
96 44
4 35
-17 4
99 47
61 48
71 40
78 43
23 2
84 27
57 2
57 16
26 26
21 25
26 29
66 34
40 31
-18 39
-18 44
3 11
39 45
52 40
97 50
74 37
14 17
42 16
70 24
87 21
33 50
66 28
5 36
35 34
89 3
26 42
-18 46
75 21
16 31
33 9
100 10
26 46
11 18
8 42
82 29
5 21
53 33
8 15
77 21
66 29
56 38
31 22
23 27
94 6
72 49
27 4
-17 43
-5 35
34 8
35 12
24 6
99 13
37 43
76 50
-5 31
25 27
6 49
-3 13
48 22
-3 34
26 9
63 1
75 2
47 48
53 39
15 14
84 5
2 29
68 33
-10 22
52 29
10 15
14 37
21 29
74 48
75 1
10 12
45 3
-11 25
87 6
96 38
23 10
45 11
45 38
73 5
-12 29
44 7
82 50
54 47
47 30
-16 40
91 37
2 11
22 50
61 1
35 46
49 32
51 18
-1 17
-19 48
95 12
77 46
-2 10
61 46
41 24
69 45
-3 18
64 40
66 48
100 32
13 29
32 38
-4 46
-19 47
-15 47
34 43
1 46
69 47
3 25
55 23
44 30
19 26
34 27
100 4
95 2
13 20
95 48
6 16
76 8
21 38
61 28
58 30
82 35
26 34
93 40
86 29
-18 28
-8 48
-6 32
58 14
23 42
-2 39
-9 33
90 18
52 34
-16 41
11 43
59 28
11 4
72 26
14 26
56 35
-9 2
78 50
69 8
45 40
58 2
-13 50
53 44
35 29
-16 17
-17 24
31 27
67 9
62 40
1 31
-2 35
10 7
26 47
-4 27
-18 25
23 3
-11 36
3 42
6 44
26 9
30 6
-14 12
36 24
89 5
87 5
-4 21
18 28
59 2
-18 16
49 27
79 43
75 30
-13 24
13 7
-9 9
40 24
96 44
76 39
71 22
71 28
20 1
98 22
-5 14
-4 40
26 20
35 14
21 2
36 22
85 8
36 21
30 15
57 20
-11 17
88 5
92 22
-18 30
55 15
100 6
-6 17
-2 3
-7 24
91 40
36 18
95 33
-9 38
63 47
56 40
44 49
54 1
-5 6
-17 9
54 7
77 6
88 6
75 18
35 29
90 18
-16 3
61 38
42 28
63 37
85 43
-1 45
74 23
-18 35
35 13
-13 30
9 37
96 50
29 18
58 33
95 11
94 20
-10 46
22 16
100 23
71 2
30 2
-13 48
58 11
0 38
89 8
13 19
34 5
46 44
39 41
47 39
77 46
40 24
20 2
31 48
76 13
49 45
36 39
96 23
10 6
35 22
96 41
81 8
49 29
-14 6
47 47
26 18
97 49
47 11
49 1
55 4
29 15
10 37
41 25
28 49
80 33
94 35
36 33
58 46
3 20
50 44
-2 2
-13 33
4 24
-14 27
84 43
5 18
90 20
-4 25
61 24
99 17
-7 41
-20 9
14 45
24 25
38 32
-13 34
-12 25
57 30
-10 18
-15 37
26 26
-12 17
-3 4
-11 1
38 26
12 11
80 23
49 15
20 4
77 28
4 40
12 20
-4 8
14 33
29 25
79 12
23 23
70 24
82 18
-5 1
68 45
77 35
22 19
80 44
77 27
1 43
-1 22
55 44
30 25
3 10
97 14
9 50
0 27
39 28
24 47
43 10
19 21
37 5
36 9
45 4
90 35
5 32
30 40
74 32
89 31
13 40
94 20
90 33
13 47
42 26
66 41
16 9
6 42
1 37
36 38
38 1
67 24
25 34
39 11
55 9
69 41
40 8
2 13
-16 46
40 8
80 47
49 27
-14 37
-8 18
80 12
17 3
78 24
0 13
91 18
1 46
60 6
34 10
-1 12
20 9
33 3
7 23
33 49
-6 46
56 12
95 5
26 20
34 2
61 13
92 11
4 33
-2 7
22 29
95 31
45 39
-13 20
31 1
97 39
-6 11
8 38
96 30
-14 48
63 29
44 21
80 42
90 8
23 5
16 35
94 19
53 15
78 21
-17 1
98 26
32 23
3 18
58 32
37 37
68 41
26 6
15 13
54 4
91 3
10 16
56 22
-8 5
-1 12
37 20
-13 41
57 29
50 46
26 5
70 14
99 23
91 48
29 28
52 29
16 29
-10 33
78 2
28 34
36 39
29 39
13 37
65 5
14 15
-18 46
94 24
65 2
96 37
80 10
58 42
99 39
13 13
-1 32
66 39
63 17
6 22
99 48
18 48
98 2
45 44
2 50
28 18
-5 32
22 18
46 47
97 25
97 40
0 49
61 36
54 8
25 21
-16 28
46 31
-9 33
78 49
5 37
73 50
99 4
39 11
67 30
29 35
85 23
64 8
-15 17
25 4
62 49
39 35
33 6
34 33
30 36
44 11
65 11
14 28
17 48
40 1
42 26
39 8
11 23
66 33
27 13
53 19
44 27
76 10
-1 44
-1 36
13 4
97 20
30 33
-17 5
37 8
13 4
76 12
-18 48
57 43
-16 33
48 4
76 40
85 37
-6 26
3 3
-1 21
-8 26
-17 6
27 32
35 27
-4 8
81 5
47 41
75 5
49 12
45 39
-5 24
27 18
66 13
9 23
47 39
57 11
31 13
100 13
91 14
55 6
83 1
76 44
6 45
9 15
0 2
-7 21
90 16
28 48
-1 33
15 11
71 17
23 1
17 30
50 16
23 19
30 38
47 44
22 36
92 8
64 42
-20 1
78 8
-1 5
45 20
67 27
9 16
27 30
89 49
14 42
-6 23
96 48
27 29
11 21
92 9
66 42
66 3
96 21
-11 45
72 19
52 30
65 7
50 38
67 44
67 2
77 17
21 45
12 33
37 26
55 26
20 1
77 50
65 20
87 13
56 32
89 28
32 11
89 40
62 19
-9 10
16 44
25 42
70 48
35 28
23 27
87 6
96 37
30 49
9 24
12 21
11 16
-18 24
48 6
14 40
55 29
74 49
15 9
-18 13
49 10
-1 7
55 32
17 38
83 29
44 34
62 2
23 23
30 6
86 33
49 19
5 48
-7 17
47 43
79 36
74 29
-14 25
92 46
64 31
85 46
99 34
-4 39
-15 38
75 6
97 11
61 29
83 26
31 31
88 28
-17 44
-9 14
0 26
16 43
70 31
17 36
-10 36
91 22
17 5
92 33
10 3
64 19
70 2
54 24
23 6
57 44
-10 13
23 50
24 3
84 15
19 30
0 18
66 29
37 16
18 23
82 11
63 1
16 41
45 26
95 42
87 7
78 35
68 1
54 45
29 40
1 10
38 46
31 12
37 4
2 29
85 33
0 5
-4 3
23 48
31 30
-6 28
44 32
8 17
32 30
-5 30
52 50
60 11
40 31
7 41
30 9
83 3
63 47
-14 43
19 15
54 40
53 27
-17 13
68 22
-12 13
-5 41
61 30
19 5
62 25
94 19
18 42
96 23
50 45
100 30
75 16
-15 46
20 33
80 16
74 12
93 18
82 13
89 34
-19 2
66 11
10 34
61 26
77 40
67 16
85 25
49 32
32 39
75 30
6 50
40 35
97 8
7 22
63 5
-9 12
99 20
89 1
48 49
71 31
49 23
1 12
31 4
79 1
12 48
16 19
70 37
56 14
29 50
23 35
76 28
5 15
20 29
1 19
14 44
-12 37
13 28
-11 34
48 35
-12 9
-20 48
-10 30
-1 11
80 47
63 22
42 46
22 22
-5 43
43 32
43 15
41 16
45 48
45 29
40 10
-8 26
4 21
-11 29
32 6
51 44
85 29
28 45
26 37
97 15
40 35
25 24
92 1
56 46
8 50
80 50
67 16
-3 4
38 38
45 6
75 47
30 32
23 40
51 41
45 27
47 20
24 27
4 50
84 8
86 22
90 20
-12 38
56 42
18 15
98 35
58 14
68 34
54 46
80 35
5 14
88 18
25 45
12 50
28 40
99 17
-1 21
27 10
82 15
40 34
2 9
1 9
94 46
79 49
69 46
20 29
-16 4
63 7
83 29
6 2
-8 7
22 31
10 18
26 3
28 42
8 3
97 7
-16 21
67 30
73 23
31 12
94 42
100 47
7 7
4 50
-1 44
-8 7
22 21
6 36
-10 43
45 16
58 8
79 37
24 3
13 11
48 22
42 39
89 11
41 37
84 24
-10 32
91 42
29 29
93 45
-6 25
51 5
46 48
40 13
9 37
-16 16
-4 7
-8 9
52 37
43 24
29 29
83 3
25 13
32 10
-14 47
-20 4
94 38
5 23
1 26
71 47
80 17
-1 8
46 27
4 45
50 48
14 16
19 32
53 38
92 12
81 43
-19 9
6 31
88 37
52 36
14 14
44 32
98 44
33 47
-17 2
50 39
78 38
78 22
65 48
6 15
38 21
40 8
68 16
-9 26
-9 17
42 12
-12 42
75 12
37 10
100 45
8 50
37 35
87 26
15 27
10 23
50 43
56 10
24 27
79 36
-6 20
61 28
43 35
93 50
76 31
81 49
87 11
-17 38
98 16
-7 15
24 29
10 15
10 11
-9 33
-7 46
12 9
32 3
9 17
77 44
-18 1
8 49
97 24
82 31
86 21
66 11
43 33
4 41
76 8
56 23
87 29
79 36
88 43
92 17
-20 44
-1 12
48 20
79 48
85 39
73 4
86 21
9 3
80 21
15 40
-15 7
95 39
48 41
23 16
25 1
14 19
69 19
67 35
24 48
-4 30
18 20
38 33
77 8
23 22
39 22
45 50
-3 11
52 8
31 31
57 32
69 8
32 11
23 23
87 17
71 3
81 15
67 18
92 42
85 28
33 29
93 26
68 17
73 33
32 27
28 40
13 24
-12 3
58 28
94 50
94 12
28 12
77 19
63 47
14 23
52 49
7 5
90 48
73 1
59 48
65 30
92 32
84 11
35 47
-3 41
91 12
84 2
50 43
32 12
4 2
13 32
92 13
21 7
2 50
100 22
87 22
95 15
47 15
-10 14
91 12
18 12
75 5
67 49
99 41
-16 16
96 32
-16 6
-2 44
-15 46
6 27
85 8
95 18
20 37
63 18
18 33
88 49
75 36
40 13
18 39
-4 18
69 10
49 43
24 2
87 23
15 22
-15 4
26 23
41 39
0 12
7 8
-11 41
96 17
85 6
38 26
85 25
88 44
35 27
80 45
63 1
71 36
84 41
11 28
27 18
45 28
66 23
60 5
71 9
68 29
-11 20
21 49
-4 23
99 41
70 31
41 46
65 2
-6 31
2 22
59 31
80 25
64 9
76 48
28 18
20 30
41 9
21 35
7 50
-7 23
80 42
33 25
29 45
-7 50
96 25
45 21
51 2
55 50
-5 19
50 31
58 21
-12 46
70 46
55 29
85 33
71 42
22 31
-3 42
83 26
52 20
71 39
79 17
52 19
3 47
40 3
90 17
3 18
97 40
-4 45
66 9
53 40
85 25
10 3
12 19
3 22
60 14
13 24
92 12
14 40
-15 49
11 22
79 34
1 24
8 24
-4 8
76 29
60 35
57 43
21 42
76 34
3 37
28 7
4 22
34 11
28 43
91 45
40 15
-12 28
7 38
-2 30
56 27
97 9
5 50
90 7
92 10
-3 11
-14 10
97 17
91 2
12 28
-1 16
87 19
63 40
89 34
-6 30
-18 22
50 50
-19 26
10 38
19 48
98 1
92 3
23 50
75 32
90 21
26 37
98 15
83 10
52 5
17 44
9 19
22 7
88 11
3 41
22 19
96 10
61 21
77 22
-9 17
35 20
73 36
11 29
85 17
96 32
38 39
28 3
36 7
5 41
-11 3
31 27
25 3
67 46
-2 15
73 9
-1 22
-7 23
91 44
94 48
19 25
61 32
5 37
-13 26
7 11
81 24
79 31
97 46
83 17
81 1
48 39
-19 50
68 8
37 24
78 13
51 42
21 50
87 25
49 38
40 42
12 37
-11 5
-7 33
92 22
-14 20
95 39
-16 22
38 50
28 24
-14 26
92 20
81 4
58 1
69 38
41 9
97 33
82 32
-20 8
13 18
32 11
58 4
14 26
49 50
-7 9
57 15
68 46
70 49
21 50
-11 1
-16 38
36 9
-4 43
-1 41
77 17
83 43
53 6
-8 37
6 37
89 40
64 40
8 19
-5 35
45 10
61 9
53 32
59 2
6 25
-20 28
-2 46
41 8
68 20
67 15
51 12
71 24
39 37
65 13
-15 21
87 47
77 22
71 17
84 44
91 29
44 25
30 49
43 46
-16 34
91 34
1 20
91 46
14 38
44 12
-15 10
-18 24
-7 6
-7 34
42 2
-4 22
10 34
8 33
14 33
82 3
69 34
93 39
83 34
6 45
84 30
-16 41
24 48
-7 23
65 23
51 31
83 7
58 40
-2 13
87 17
4 21
94 46
58 31
16 23
12 18
13 20
3 22
97 13
24 15
87 26
-19 37
53 30
33 43
86 27
-15 17
85 7
9 41
4 43
6 10
20 37
19 49
21 10
-5 18
44 3
37 34
30 17
63 31
-6 49
21 5
71 2
92 30
-19 5
84 3
72 2
17 25
92 23
-16 27
84 22
72 48
48 47
9 10
15 47
20 3
50 22
50 32
85 25
100 16
94 27
16 28
98 2
36 13
69 6
55 35
36 23
62 7
8 40
5 26
-6 32
52 39
79 15
45 45
48 6
59 17
89 7
-7 28
54 7
-5 48
62 39
98 7
85 41
79 42
88 7
80 37
81 6
93 49
10 37
96 25
71 3
27 23
91 25
71 28
98 47
57 19
100 4
47 3
95 23
62 29
80 26
18 20
81 47
84 26
27 42
29 35
62 7
-3 20
99 6
-19 9
1 18
57 42
79 23
8 48
57 20
95 12
-1 35
3 31
10 25
18 19
51 10
99 36
79 6
42 3
55 3
91 46
95 36
74 43
76 50
-6 7
17 36
6 33
77 41
26 17
-13 49
86 11
91 43
20 43
95 25
36 38
18 42
38 29
41 44
19 32
57 22
75 44
82 37
-14 18
27 30
7 25
86 38
79 12
14 15
54 23
4 35
41 9
97 45
24 18
9 40
-5 33
22 43
35 14
61 17
99 33
19 19
52 40
99 11
49 32
46 24
99 24
96 32
87 20
3 15
100 4
75 32
95 39
28 11
60 48
81 36
16 13
80 22
56 35
96 8
22 31
21 39
78 41
-15 39
-4 35
1 19
35 10
26 46
81 7
96 21
34 17
49 42
52 10
28 34
-9 31
85 15
14 5
68 5
95 34
58 2
59 40
65 18
24 3
63 13
42 45
74 21
73 42
51 2
75 3
-14 12
80 28
96 8
15 2
50 3
8 24
46 44
57 5
89 12
43 29
55 34
48 4
91 45
5 5
2 37
18 49
26 40
70 41
-9 46
23 34
-10 8
71 40
24 5
-15 11
65 40
95 6
22 11
5 17
58 34
37 39
-20 31
91 38
-4 19
10 36
24 8
7 21
50 6
99 26
68 37
89 38
37 14
44 30
24 45
-13 12
61 16
53 24
-17 14
10 47
-19 44
5 49
65 49
92 4
65 24
54 6
89 13
33 3
32 34
-13 26
39 8
24 45
42 28
84 26
-3 17
16 17
0 19
19 45
20 31
53 13
60 37
10 28
12 19
47 45
73 16
73 44
22 15
14 7
6 14
37 16
52 24
49 21
84 38
23 39
40 21
7 35
33 20
-7 27
34 22
48 19
-12 14
93 15
-16 26
-18 30
-11 2
84 41
73 21
96 18
0 30
2 9
2 6
2 13
3 14
3 61
3 28
3 32
4 23
4 59
5 44
5 39
6 23
6 63
7 39
7 41
7 10
7 24
8 21
8 58
9 37
10 65
11 69
12 35
13 49
13 55
14 28
14 72
15 69
15 26
17 62
18 54
19 79
19 64
20 25
20 39
21 61
21 59
21 24
22 84
22 28
23 52
23 69
25 77
26 41
26 40
26 56
27 75
28 29
29 73
30 73
31 87
32 54
32 79
32 66
32 74
32 91
32 72
32 44
33 69
34 59
35 43
35 49
36 53
37 61
40 47
40 73
41 50
41 54
43 53
44 50
44 79
45 81
45 78
46 90
46 100
46 59
46 65
47 83
49 101
50 107
50 114
50 54
50 112
50 108
50 58
51 97
51 98
51 85
52 88
52 115
52 93
53 57
54 91
54 99
56 95
57 83
58 108
59 87
59 63
60 63
60 86
60 120
60 90
61 64
62 118
62 77
62 117
62 69
63 117
63 98
63 90
64 126
64 89
65 101
66 68
66 72
66 114
66 130
66 96
66 77
66 99
67 102
67 128
67 84
68 73
68 105
69 85
69 109
71 84
72 120
72 90
72 117
72 119
72 73
73 81
74 85
75 103
77 120
77 107
77 95
77 137
77 127
78 120
78 131
78 93
79 110
80 95
80 107
81 84
81 122
81 104
81 113
81 119
82 129
83 88
84 134
84 100
85 95
85 98
86 126
87 109
87 88
88 145
88 143
89 119
90 147
90 91
93 117
93 123
94 143
94 125
94 133
94 106
94 144
94 126
95 149
95 125
95 100
96 146
96 143
97 137
97 135
98 154
98 103
99 109
99 122
100 139
100 110
100 158
101 154
102 119
103 162
104 115
105 134
105 168
106 136
106 156
107 156
107 113
108 142
110 148
110 141
111 152
111 136
112 124
112 165
112 146
113 176
113 147
114 160
115 144
115 170
116 167
117 122
117 121
118 170
118 121
119 167
119 181
120 183
121 155
121 126
122 158
122 144
123 187
124 129
124 153
124 144
125 133
125 128
125 180
126 181
127 149
127 172
128 186
129 182
129 189
130 163
130 176
130 142
131 137
131 179
131 143
132 138
133 176
133 138
134 185
134 186
136 180
136 186
136 156
136 192
137 174
137 186
137 162
138 180
138 202
138 149
138 147
138 177
139 144
139 146
139 190
139 153
140 199
140 204
141 154
141 176
141 198
142 151
143 198
143 146
143 166
144 168
146 162
146 177
146 181
146 195
147 148
147 155
148 161
149 170
149 159
149 202
150 155
151 215
152 189
152 182
152 204
153 212
154 208
154 166
154 186
155 218
155 198
155 212
155 163
155 201
156 183
156 186
156 215
157 197
157 219
157 210
157 181
158 202
159 184
159 203
159 193
159 166
160 222
160 192
161 194
161 219
162 188
162 214
163 227
164 170
164 204
165 228
165 220
165 205
165 182
166 167
166 173
167 224
167 219
168 209
168 199
168 169
168 204
169 182
170 218
171 223
171 193
172 220
173 222
173 194
173 176
174 175
176 234
176 193
176 185
176 203
176 202
177 180
177 212
178 200
178 184
178 224
179 200
179 235
181 239
182 188
182 246
182 233
183 201
184 215
184 186
184 237
184 216
185 215
185 240
186 231
187 206
188 191
189 197
189 235
189 234
189 204
189 194
189 208
190 232
190 250
193 200
193 249
193 231
193 207
194 250
194 204
195 238
196 251
196 249
196 214
197 211
198 214
198 229
198 261
199 225
200 246
200 235
200 216
201 262
201 235
202 237
202 239
202 253
203 208
207 251
209 253
210 242
210 272
210 257
210 250
211 230
211 212
211 263
211 213
211 240
212 221
214 227
214 271
214 243
214 249
214 230
214 278
215 232
217 238
218 241
218 220
220 237
221 257
221 266
222 239
222 285
222 252
223 283
223 276
223 277
224 286
225 231
226 284
226 289
226 234
226 258
229 272
229 288
229 236
229 291
231 292
231 249
231 258
231 257
231 239
231 260
231 275
232 286
232 248
233 297
233 236
233 263
233 241
233 258
234 255
234 294
234 236
234 235
235 291
235 280
235 236
236 255
236 290
237 274
237 289
238 243
238 279
238 247
238 250
238 269
238 288
239 279
239 293
240 254
240 271
240 256
240 264
240 263
241 293
242 246
242 284
243 289
244 278
245 288
245 261
246 275
247 289
247 303
247 299
247 296
248 306
248 252
248 280
249 264
250 263
250 294
250 262
252 296
252 259
252 282
253 278
254 303
255 280
255 281
255 292
255 285
256 282
256 284
257 264
260 320
262 291
262 288
263 306
264 315
264 323
264 291
265 310
265 274
266 276
266 283
267 276
267 300
268 310
269 328
269 308
269 277
270 320
271 324
271 309
271 304
271 272
272 324
273 292
273 310
274 327
274 302
276 320
277 332
278 288
278 329
278 294
280 329
280 325
280 288
281 299
281 312
282 311
282 286
282 322
283 308
284 329
284 322
284 291
284 308
286 297
286 312
287 330
287 295
287 323
288 334
288 349
288 348
289 338
289 322
290 345
291 318
291 305
291 330
291 296
291 343
293 328
296 326
296 299
297 357
297 343
299 320
299 305
300 328
300 354
301 341
301 352
301 360
302 325
302 356
302 303
303 354
303 362
303 366
304 312
304 332
306 332
306 338
307 330
307 311
308 356
308 369
309 314
309 370
310 355
310 360
311 315
311 360
311 331
312 369
312 341
314 319
314 344
314 352
315 373
315 362
315 375
316 358
317 343
318 345
319 321
319 350
320 345
320 341
321 360
321 352
322 330
322 376
322 353
324 331
325 387
325 383
325 371
325 329
326 331
326 378
327 350
327 340
328 346
329 393
329 343
330 340
330 352
331 360
331 363
331 358
331 378
331 351
332 358
332 350
332 377
332 366
334 397
334 372
334 390
334 340
334 369
335 356
335 346
335 388
337 355
337 397
337 368
337 383
337 362
337 392
337 348
338 341
338 381
339 400
340 374
340 402
340 384
340 363
340 401
342 360
343 395
343 361
345 381
346 386
346 385
346 367
346 366
347 404
347 368
347 350
347 393
348 406
348 364
348 380
348 367
348 392
349 353
349 391
349 380
351 412
351 375
351 364
351 359
351 394
352 415
352 391
353 393
353 409
354 406
355 375
355 364
355 402
355 416
356 407
357 379
358 364
359 391
359 409
360 389
360 415
361 414
361 394
362 411
363 369
363 381
363 398
364 416
364 427
364 421
365 424
365 378
365 417
366 403
367 431
367 386
368 427
368 413
368 374
368 408
369 404
369 427
371 384
371 403
372 399
373 430
373 423
374 428
374 422
374 375
374 378
374 396
375 393
375 397
375 435
376 377
377 415
377 389
377 395
378 383
378 421
378 424
378 428
378 394
379 418
379 394
380 421
380 396
380 425
381 413
382 388
382 395
382 443
382 385
383 420
383 413
383 440
383 421
384 437
385 421
385 407
385 404
386 401
387 406
387 395
388 444
389 415
392 395
392 449
392 423
395 410
395 448
395 451
396 398
398 416
398 399
400 437
400 422
400 426
401 465
401 431
401 413
401 441
402 422
402 403
404 410
404 406
404 450
405 442
406 450
406 414
408 412
408 435
409 417
410 461
411 416
411 442
412 451
412 459
412 471
412 460
412 440
413 439
413 418
414 454
415 461
415 446
415 453
416 438
416 437
417 458
417 420
417 467
417 463
418 420
418 451
419 433
419 453
419 420
420 443
420 449
421 483
421 428
423 447
423 429
423 454
423 474
424 467
424 439
425 483
426 488
426 453
428 433
428 437
428 483
429 452
430 469
430 438
430 460
431 455
431 491
432 478
432 487
433 435
433 487
433 492
434 494
434 466
434 463
434 443
435 485
435 474
435 484
436 488
436 441
437 438
437 462
438 491
439 489
440 445
440 503
440 457
441 472
442 462
442 460
443 492
443 445
443 481
443 446
443 463
445 463
445 499
446 457
446 508
447 497
448 503
448 510
448 459
449 473
450 469
451 482
451 457
452 489
452 456
454 464
454 475
454 469
455 509
455 501
456 505
456 494
457 521
457 486
457 465
457 505
458 485
458 473
459 504
459 488
459 515
459 512
459 497
460 505
460 471
460 465
460 522
461 493
461 495
462 486
462 510
462 483
463 470
463 502
464 467
464 519
464 527
465 517
465 520
465 523
466 509
466 498
466 472
466 521
468 530
468 509
468 491
469 533
471 518
471 481
472 516
472 527
472 520
472 476
472 485
473 503
475 516
476 510
477 498
478 490
479 519
480 497
480 515
482 490
482 543
482 496
482 506
482 520
483 530
483 500
483 489
484 492
484 518
485 489
485 498
485 547
485 494
485 491
486 504
488 489
488 546
488 494
488 521
488 518
491 498
491 506
491 495
492 506
493 535
493 552
494 546
494 551
494 513
495 532
496 517
497 507
497 537
497 560
497 517
498 536
498 535
499 524
499 532
500 556
500 530
500 550
501 509
501 536
502 551
502 559
503 506
503 530
504 538
505 515
505 552
505 529
505 569
506 550
507 544
508 532
508 561
508 523
509 526
509 528
510 544
510 560
511 525
512 536
512 523
512 519
512 545
513 565
513 520
514 571
514 534
516 522
516 566
516 551
517 533
517 532
518 534
519 548
519 571
519 563
520 525
522 539
522 532
522 554
522 555
523 531
523 527
523 550
524 549
524 580
525 569
525 587
526 552
526 574
527 537
527 570
529 568
529 535
531 544
531 563
533 539
533 577
534 540
535 546
535 548
535 585
536 574
536 564
536 580
536 572
537 575
537 583
537 570
538 591
538 552
539 598
540 571
540 551
540 588
540 541
542 576
544 595
544 567
544 594
545 569
545 578
545 593
547 582
548 557
548 562
549 606
549 573
550 579
550 560
550 613
551 608
551 615
551 614
552 582
552 604
552 581
552 588
553 554
553 588
554 586
554 603
555 615
555 583
556 564
556 609
556 597
557 615
558 582
558 597
558 574
558 616
559 616
559 587
560 591
560 622
561 607
561 615
561 589
562 579
562 584
562 609
563 565
565 610
567 622
567 619
568 607
569 603
569 622
570 574
570 618
571 595
571 583
572 579
572 606
572 613
572 617
572 635
573 597
573 576
574 600
576 592
577 594
577 584
577 591
578 602
578 601
578 629
581 621
581 636
581 603
582 645
582 599
582 623
583 594
583 630
583 603
584 619
584 601
584 605
585 607
585 588
585 612
585 632
587 633
587 630
588 592
588 596
588 601
589 608
590 640
590 641
590 614
591 649
591 622
591 631
592 613
592 645
593 652
593 654
593 638
594 610
594 618
594 628
595 599
595 659
596 622
596 642
596 617
597 613
597 604
598 647
598 618
598 602
599 644
599 619
599 657
599 646
600 610
600 604
600 616
600 621
601 650
602 628
602 654
602 633
602 626
603 625
603 643
604 622
604 657
604 626
606 648
606 617
607 618
609 626
610 655
611 647
611 670
611 642
611 659
612 649
613 635
613 655
614 678
614 636
614 660
617 658
618 655
618 668
619 624
619 683
619 669
621 680
621 631
621 672
622 642
623 670
623 662
624 634
624 663
624 668
624 674
625 637
625 633
625 661
626 644
626 635
626 652
626 656
626 674
628 664
628 667
628 651
628 649
628 635
629 643
630 675
630 644
630 688
631 650
631 660
632 657
632 650
632 684
632 643
632 678
633 652
634 661
634 650
635 665
635 648
635 656
635 658
636 641
636 667
636 676
637 701
637 665
637 641
638 693
638 697
639 642
640 649
640 645
641 687
642 685
642 703
643 644
643 692
644 700
644 684
645 652
645 673
645 647
646 667
646 702
646 695
646 682
646 685
647 707
647 690
647 673
648 655
649 685
650 707
650 687
651 699
652 704
652 674
654 718
654 674
655 687
655 672
656 675
657 700
657 712
657 691
660 717
660 706
660 710
661 693
661 671
661 720
662 717
662 726
662 677
662 701
662 676
662 710
663 680
664 693
664 699
664 711
665 699
665 706
665 693
665 673
665 674
665 671
666 681
667 670
668 705
668 700
669 699
669 708
669 710
669 672
669 729
670 678
670 701
671 698
671 676
671 688
671 705
672 733
673 720
673 684
673 677
673 678
673 700
674 702
674 695
674 729
674 682
674 725
676 721
676 737
677 732
678 737
678 690
678 721
679 723
679 740
679 720
680 729
680 718
681 710
682 690
682 687
682 701
682 736
683 741
683 747
683 718
683 735
685 717
686 693
686 715
687 700
690 750
692 700
693 729
693 703
694 697
694 715
694 719
695 709
695 722
696 758
696 750
697 758
698 702
699 748
700 745
700 707
700 717
701 750
701 756
701 729
701 708
701 712
702 739
703 737
703 724
706 762
707 737
708 728
709 755
709 744
709 734
710 726
710 734
710 753
710 766
710 729
711 771
711 760
712 762
714 778
714 748
714 737
714 768
715 770
715 744
715 741
715 717
715 761
716 745
716 777
716 732
717 740
717 756
717 739
717 743
719 772
719 752
720 747
720 770
720 759
722 733
722 743
723 758
723 760
724 774
724 767
724 754
724 729
724 764
725 751
726 728
726 763
726 746
728 783
728 773
728 763
728 764
728 766
729 762
729 770
730 794
731 776
731 759
731 792
732 746
734 760
734 739
735 785
735 771
735 796
736 772
736 768
737 789
737 779
737 771
740 759
740 782
741 803
742 794
744 786
744 799
744 777
744 754
745 789
746 802
747 793
748 757
749 759
749 790
751 762
751 803
752 790
753 767
753 793
753 805
754 764
754 789
754 803
755 779
756 816
758 812
759 823
759 815
759 765
759 771
760 822
760 802
761 762
761 825
761 765
761 796
764 813
765 786
766 806
766 809
767 775
769 799
769 814
769 793
769 800
769 786
770 780
770 805
770 822
770 772
770 820
771 833
771 816
771 805
772 773
773 812
773 810
773 787
774 783
774 822
774 778
774 804
776 822
776 834
777 837
778 821
778 810
778 841
779 804
779 824
779 820
780 823
781 807
781 805
782 812
784 788
786 788
787 816
788 791
788 801
788 849
788 819
788 822
788 809
789 845
789 843
791 797
791 850
791 833
793 829
793 827
794 851
797 829
797 828
797 834
797 803
798 849
798 818
798 838
799 837
799 828
799 831
799 839
800 830
800 823
800 807
800 820
800 857
802 838
802 845
803 839
803 830
803 823
803 813
803 836
804 859
804 834
804 815
805 829
806 853
806 828
807 840
808 849
808 820
808 841
809 823
810 851
810 811
811 846
811 861
811 845
814 822
814 841
815 868
815 818
815 877
816 862
817 874
817 832
817 829
817 862
819 821
819 829
819 872
820 862
820 855
820 861
821 869
821 828
821 834
821 849
822 860
822 885
823 825
824 862
824 886
824 826
824 829
825 878
825 861
825 842
826 851
827 842
827 838
828 845
828 844
829 877
829 855
831 879
831 876
832 842
832 889
832 845
833 884
833 842
834 873
834 863
834 894
834 846
834 843
835 851
835 836
835 874
835 892
836 896
838 887
839 846
839 871
840 864
840 847
841 898
841 900
841 862
841 879
842 894
842 871
842 903
842 861
843 897
843 859
844 896
844 893
845 906
845 865
845 858
846 854
847 869
847 850
848 866
848 862
848 877
848 889
849 910
849 888
849 904
850 858
850 872
851 875
851 905
851 863
852 910
852 858
852 885
852 870
854 894
855 874
855 869
855 918
855 904
855 900
855 881
855 885
855 882
855 902
857 886
857 900
857 874
857 880
857 898
858 919
859 882
859 889
860 881
860 879
861 875
862 912
862 892
863 868
863 888
863 927
864 906
864 865
864 919
864 882
865 901
865 886
865 870
865 891
865 918
865 881
866 887
866 908
866 879
867 885
868 875
869 914
869 887
870 927
871 932
871 928
872 919
872 909
873 897
873 915
874 878
874 934
875 929
875 877
875 919
876 902
876 926
876 887
877 913
877 912
877 898
878 925
878 897
878 908
879 892
879 931
879 912
879 914
879 898
880 901
880 909
881 885
882 896
883 904
883 938
883 930
883 939
884 924
885 911
885 888
886 941
886 902
886 893
886 916
887 919
887 943
887 900
888 891
888 908
892 902
892 908
893 945
893 955
893 931
893 914
893 935
893 939
894 932
895 905
895 933
895 955
895 958
895 927
896 960
896 922
897 905
897 926
898 943
898 951
899 913
899 939
899 921
901 963
901 919
902 925
902 959
906 960
906 931
907 928
907 938
907 927
908 958
908 966
908 965
909 937
910 936
910 930
911 918
911 964
911 973
911 953
911 939
911 929
912 976
912 968
912 957
914 973
915 948
915 955
916 962
916 955
916 951
916 949
916 968
916 945
917 962
917 972
917 978
917 926
917 973
917 943
920 924
921 981
921 933
922 977
922 956
923 936
923 979
923 939
924 929
925 989
925 958
926 932
926 970
926 947
926 944
927 933
927 969
928 982
928 939
929 942
929 959
930 960
931 951
931 940
933 941
934 956
934 937
935 954
935 944
935 988
936 949
936 978
936 995
936 954
936 956
936 987
936 962
939 966
940 970
941 983
941 1000
941 957
942 964
942 992
942 960
942 997
943 963
943 1003
944 991
946 958
946 1009
946 983
947 962
947 1003
947 991
949 1005
950 960
952 1004
952 994
953 969
954 998
954 972
954 1014
955 983
955 996
956 1000
956 957
957 1014
958 978
958 991
959 983
960 1023
960 1013
960 996
962 999
962 992
963 967
964 1011
964 1006
965 1021
965 971
966 1021
966 977
966 1009
966 1026
966 969
966 1004
967 1024
968 987
969 1026
969 990
970 974
970 1019
971 973
971 1003
971 1002
971 1030
972 1035
972 1015
972 994
973 1004
973 1032
974 997
974 995
975 997
975 1015
976 1022
977 1036
977 1039
977 1019
978 1011
979 1003
979 1034
979 997
979 1038
979 1021
980 1021
980 996
980 1037
981 1005
982 1007
982 1041
982 1042
982 986
983 1006
983 1040
984 988
984 1008
985 1026
985 1042
987 1008
987 1034
987 1048
987 1006
988 1050
990 1041
991 1005
991 1042
991 1044
991 1046
991 1012
991 1053
993 1017
993 1052
993 1005
993 1028
993 1038
993 1003
993 1053
993 1029
994 1047
994 1014
995 1008
995 1020
996 1013
996 1007
996 1003
996 1040
998 1014
998 1032
999 1052
1000 1020
1000 1019
1000 1039
1000 1046
1000 1047
1001 1049
1001 1016
1001 1064
1003 1044
1004 1055
1004 1057
1004 1067
1004 1007
1005 1007
1005 1020
1005 1054
1005 1063
1005 1016
1006 1048
1007 1049
1008 1045
1008 1019
1008 1032
1009 1036
1009 1055
1010 1025
1010 1072
1011 1049
1011 1060
1011 1038
1012 1054
1013 1049
1014 1032
1014 1021
1014 1035
1014 1071
1015 1072
1015 1052
1015 1043
1015 1026
1015 1079
1015 1077
1015 1019
1016 1067
1017 1032
1017 1063
1017 1044
1018 1068
1018 1065
1019 1020
1019 1031
1020 1037
1020 1060
1020 1040
1021 1071
1021 1057
1021 1081
1022 1044
1023 1036
1024 1046
1025 1030
1025 1065
1025 1081
1026 1060
1027 1040
1031 1079
1032 1061
1032 1064
1032 1040
1033 1084
1033 1059
1034 1086
1035 1072
1035 1086
1035 1047
1035 1053
1036 1072
1036 1062
1036 1060
1037 1091
1037 1071
1038 1083
1038 1079
1039 1086
1039 1064
1039 1103
1039 1044
1040 1075
1040 1082
1043 1099
1044 1075
1044 1084
1045 1049
1045 1078
1045 1063
1046 1096
1046 1050
1046 1058
1048 1065
1050 1094
1051 1106
1051 1053
1051 1105
1051 1072
1052 1108
1052 1090
1052 1067
1052 1061
1053 1113
1054 1074
1055 1058
1055 1089
1055 1067
1055 1100
1055 1074
1056 1062
1056 1089
1058 1063
1059 1092
1059 1072
1059 1075
1059 1111
1061 1109
1061 1076
1063 1090
1064 1119
1064 1070
1065 1083
1065 1090
1065 1117
1066 1116
1067 1068
1068 1124
1069 1103
1069 1095
1069 1100
1069 1072
1070 1109
1070 1101
1070 1089
1070 1119
1072 1123
1072 1095
1073 1075
1074 1101
1074 1134
1074 1084
1074 1131
1074 1085
1075 1099
1075 1092
1075 1117
1076 1086
1077 1135
1077 1095
1078 1111
1079 1102
1080 1089
1080 1109
1081 1121
1082 1132
1082 1137
1082 1141
1084 1135
1084 1116
1084 1140
1085 1128
1085 1132
1086 1132
1086 1098
1086 1127
1087 1125
1087 1090
1088 1091
1089 1131
1090 1091
1091 1103
1092 1153
1093 1132
1094 1138
1094 1114
1094 1126
1096 1119
1097 1124
1097 1101
1099 1118
1099 1120
1099 1104
1100 1162
1100 1133
1100 1121
1101 1149
1101 1152
1102 1121
1103 1157
1103 1148
1103 1161
1103 1153
1104 1160
1104 1115
1105 1106
1105 1133
1107 1167
1108 1142
1108 1148
1108 1121
1109 1141
1109 1159
1111 1174
1111 1164
1111 1152
1111 1131
1113 1167
1114 1161
1115 1139
1116 1150
1117 1149
1117 1120
1118 1140
1118 1156
1120 1150
1122 1129
1122 1153
1122 1166
1122 1151
1122 1164
1122 1143
1122 1139
1123 1148
1123 1134
1123 1174
1123 1169
1124 1172
1125 1158
1125 1181
1125 1135
1126 1149
1126 1177
1127 1178
1128 1131
1128 1167
1129 1170
1129 1179
1130 1134
1131 1176
1131 1160
1131 1168
1132 1189
1133 1172
1133 1161
1133 1162
1133 1138
1134 1143
1134 1152
1134 1140
1135 1174
1135 1186
1135 1171
1136 1178
1136 1185
1136 1182
1137 1198
1138 1178
1138 1195
1138 1199
1139 1187
1139 1155
1139 1199
1140 1169
1140 1200
1141 1181
1141 1200
1141 1169
1141 1146
1142 1161
1142 1203
1142 1150
1143 1150
1144 1203
1144 1157
1144 1166
1145 1147
1145 1150
1145 1182
1145 1192
1147 1185
1147 1163
1147 1150
1147 1191
1148 1185
1148 1153
1149 1166
1150 1151
1150 1155
1150 1172
1150 1181
1150 1197
1151 1183
1151 1182
1151 1200
1151 1173
1151 1199
1152 1160
1153 1191
1153 1170
1153 1174
1153 1161
1153 1188
1153 1178
1154 1157
1154 1174
1155 1181
1157 1180
1158 1164
1158 1188
1159 1160
1161 1190
1161 1183
1162 1223
1162 1221
1162 1226
1162 1177
1163 1167
1163 1224
1163 1213
1164 1187
1164 1181
1164 1179
1164 1205
1164 1197
1164 1189
1165 1201
1165 1178
1166 1179
1166 1226
1167 1227
1167 1209
1167 1218
1168 1223
1168 1219
1169 1208
1169 1170
1169 1185
1170 1228
1173 1177
1173 1195
1173 1199
1174 1186
1175 1206
1175 1180
1175 1209
1176 1189
1176 1180
1176 1205
1176 1212
1177 1228
1177 1237
1177 1229
1177 1224
1179 1240
1179 1237
1179 1183
1179 1236
1179 1224
1181 1205
1181 1204
1181 1214
1182 1222
1182 1189
1183 1211
1184 1220
1184 1206
1185 1218
1185 1187
1186 1194
1187 1210
1188 1216
1188 1250
1188 1242
1188 1219
1189 1237
1189 1248
1189 1214
1190 1216
1190 1191
1190 1253
1191 1235
1192 1250
1192 1246
1192 1196
1192 1242
1193 1200
1193 1239
1193 1240
1193 1199
1194 1224
1194 1239
1194 1208
1196 1249
1196 1254
1196 1215
1196 1224
1197 1247
1198 1231
1199 1232
1199 1202
1200 1250
1200 1233
1202 1260
1202 1258
1202 1235
1203 1254
1203 1250
1203 1230
1205 1242
1205 1258
1205 1224
1205 1234
1206 1257
1206 1234
1207 1230
1207 1263
1207 1239
1208 1209
1208 1247
1208 1212
1208 1237
1209 1265
1210 1266
1211 1246
1211 1271
1212 1272
1212 1228
1212 1250
1212 1275
1212 1213
1213 1251
1214 1242
1214 1215
1215 1235
1215 1241
1215 1233
1217 1220
1217 1276
1217 1263
1217 1262
1218 1250
1219 1237
1220 1244
1220 1243
1220 1249
1220 1242
1221 1260
1223 1231
1224 1235
1224 1240
1224 1284
1224 1282
1225 1264
1225 1227
1225 1255
1227 1256
1227 1259
1228 1253
1230 1282
1231 1262
1231 1261
1231 1283
1232 1292
1233 1242
1233 1270
1234 1282
1235 1277
1235 1250
1235 1257
1235 1293
1236 1275
1236 1265
1237 1251
1237 1285
1238 1271
1238 1302
1239 1256
1239 1244
1241 1259
1242 1266
1242 1243
1243 1254
1244 1287
1245 1301
1245 1256
1245 1285
1246 1260
1246 1298
1247 1303
1247 1283
1247 1299
1247 1289
1249 1252
1249 1291
1250 1265
1250 1295
1251 1303
1251 1280
1253 1307
1253 1310
1253 1308
1254 1257
1254 1277
1254 1271
1255 1272
1256 1278
1256 1319
1257 1277
1258 1287
1259 1302
1259 1317
1259 1308
1260 1291
1261 1299
1261 1278
1262 1268
1263 1284
1264 1268
1264 1300
1265 1321
1265 1303
1266 1304
1266 1322
1267 1319
1268 1291
1268 1276
1268 1327
1269 1333
1269 1272
1269 1280
1269 1277
1269 1305
1269 1307
1270 1278
1270 1311
1270 1322
1271 1281
1271 1317
1271 1313
1272 1278
1272 1297
1272 1308
1272 1277
1273 1286
1273 1326
1273 1331
1273 1279
1274 1332
1274 1313
1274 1282
1274 1324
1275 1292
1275 1285
1276 1284
1276 1320
1276 1282
1277 1297
1277 1284
1277 1318
1277 1320
1279 1324
1279 1282
1280 1308
1280 1342
1280 1324
1281 1284
1282 1285
1283 1320
1283 1312
1283 1336
1283 1302
1284 1345
1285 1328
1285 1337
1285 1296
1287 1298
1288 1294
1288 1305
1288 1346
1289 1348
1289 1303
1289 1297
1289 1320
1289 1304
1289 1343
1290 1327
1291 1338
1293 1318
1293 1351
1293 1315
1294 1328
1294 1342
1295 1353
1295 1330
1295 1355
1296 1326
1296 1323
1297 1315
1297 1325
1298 1362
1298 1328
1298 1300
1298 1341
1298 1340
1298 1348
1299 1343
1299 1356
1300 1326
1301 1316
1301 1339
1301 1309
1302 1332
1303 1335
1303 1311
1304 1339
1305 1311
1306 1358
1307 1358
1308 1357
1308 1352
1308 1362
1310 1333
1310 1358
1311 1323
1311 1315
1312 1366
1312 1322
1312 1329
1313 1366
1313 1350
1313 1363
1313 1348
1313 1353
1315 1327
1315 1323
1317 1323
1318 1379
1318 1327
1320 1338
1321 1378
1321 1331
1321 1353
1321 1360
1321 1322
1322 1330
1323 1382
1323 1325
1323 1353
1324 1361
1324 1366
1325 1327
1325 1372
1325 1346
1326 1339
1328 1347
1329 1363
1330 1332
1330 1344
1331 1361
1332 1377
1334 1348
1335 1386
1335 1372
1336 1394
1336 1384
1336 1371
1337 1377
1337 1356
1337 1348
1337 1369
1337 1354
1338 1396
1338 1347
1338 1387
1339 1379
1340 1361
1340 1393
1340 1343
1341 1378
1342 1395
1343 1393
1343 1377
1343 1348
1343 1399
1343 1365
1343 1366
1343 1402
1343 1373
1344 1380
1345 1391
1345 1406
1346 1409
1347 1389
1347 1393
1347 1409
1347 1384
1349 1404
1349 1368
1349 1392
1350 1388
1350 1372
1350 1356
1350 1407
1351 1381
1352 1409
1352 1396
1352 1391
1352 1364
1353 1362
1353 1363
1355 1383
1355 1372
1355 1415
1356 1417
1356 1414
1356 1412
1356 1400
1356 1396
1358 1373
1358 1397
1358 1415
1359 1393
1359 1416
1359 1369
1359 1380
1360 1422
1362 1382
1362 1408
1362 1391
1363 1397
1364 1380
1364 1390
1364 1374
1365 1425
1365 1429
1366 1387
1366 1390
1368 1379
1368 1406
1368 1415
1368 1409
1369 1395
1369 1381
1369 1433
1369 1376
1372 1383
1373 1398
1373 1376
1373 1384
1375 1380
1375 1384
1375 1424
1375 1376
1375 1415
1376 1418
1377 1395
1377 1392
1377 1423
1378 1393
1379 1407
1379 1413
1380 1411
1380 1402
1381 1440
1381 1441
1381 1409
1382 1436
1382 1428
1382 1386
1382 1432
1384 1431
1384 1437
1384 1407
1385 1411
1385 1445
1386 1426
1387 1398
1387 1409
1388 1392
1388 1431
1390 1429
1390 1417
1390 1450
1390 1404
1391 1438
1391 1444
1392 1441
1392 1409
1392 1442
1392 1418
1393 1423
1393 1397
1394 1427
1394 1421
1395 1413
1395 1458
1395 1399
1396 1443
1396 1408
1396 1436
1397 1441
1397 1417
1397 1401
1397 1428
1397 1435
1398 1402
1400 1420
1400 1455
1401 1407
1401 1434
1402 1451
1403 1445
1404 1439
1405 1468
1405 1467
1405 1406
1406 1418
1406 1467
1407 1433
1407 1449
1408 1424
1409 1455
1410 1417
1410 1473
1412 1471
1412 1416
1413 1422
1413 1448
1414 1428
1415 1421
1416 1478
1417 1423
1418 1432
1419 1436
1419 1430
1420 1479
1421 1439
1421 1460
1421 1464
1421 1473
1422 1457
1422 1423
1423 1481
1423 1471
1424 1441
1424 1446
1424 1470
1425 1461
1426 1469
1426 1472
1426 1444
1428 1486
1428 1480
1428 1448
1428 1464
1428 1476
1429 1450
1429 1481
1429 1436
1430 1453
1430 1471
1430 1457
1430 1472
1431 1469
1431 1442
1432 1465
1432 1474
1433 1448
1433 1465
1434 1473
1434 1457
1435 1441
1436 1492
1436 1478
1437 1439
1437 1445
1437 1493
1439 1477
1439 1476
1439 1499
1439 1496
1441 1488
1441 1469
1442 1472
1443 1468
1443 1444
1443 1472
1444 1472
1444 1462
1445 1476
1446 1476
1447 1470
1447 1479
1448 1454
1449 1463
1449 1465
1449 1503
1449 1502
1449 1460
1449 1487
1450 1505
1451 1500
1453 1489
1453 1503
1454 1472
1454 1487
1455 1466
1455 1506
1456 1518
1456 1516
1456 1482
1457 1513
1457 1473
1457 1474
1458 1503
1458 1487
1460 1513
1460 1504
1461 1467
1461 1496
1462 1511
1463 1521
1463 1524
1464 1473
1465 1468
1465 1527
1465 1521
1465 1479
1470 1507
1470 1477
1470 1475
1470 1471
1471 1495
1471 1473
1472 1507
1473 1531
1473 1504
1475 1497
1475 1482
1475 1484
1475 1486
1476 1482
1476 1537
1476 1488
1476 1501
1476 1511
1477 1510
1477 1537
1477 1531
1478 1529
1478 1506
1479 1534
1479 1483
1480 1539
1480 1497
1480 1512
1484 1531
1484 1508
1484 1526
1484 1490
1486 1495
1486 1505
1487 1495
1487 1502
1488 1513
1488 1537
1488 1516
1488 1514
1489 1538
1490 1500
1490 1534
1491 1554
1491 1546
1491 1497
1491 1512
1491 1540
1492 1508
1492 1516
1493 1543
1494 1501
1494 1516
1494 1508
1494 1534
1494 1498
1496 1552
1498 1541
1498 1526
1498 1516
1499 1533
1499 1508
1499 1546
1500 1510
1500 1520
1500 1524
1500 1525
1500 1519
1500 1544
1501 1559
1502 1509
1502 1542
1502 1545
1503 1521
1503 1562
1503 1531
1503 1535
1504 1550
1504 1538
1506 1512
1508 1551
1508 1516
1509 1567
1509 1516
1509 1524
1509 1521
1510 1562
1510 1559
1510 1535
1510 1563
1510 1551
1511 1513
1511 1525
1512 1568
1512 1519
1513 1571
1513 1563
1513 1566
1513 1514
1513 1538
1514 1520
1515 1560
1515 1579
1515 1574
1515 1543
1515 1556
1516 1535
1516 1520
1517 1518
1517 1548
1517 1540
1517 1551
1518 1563
1518 1568
1518 1582
1519 1532
1520 1534
1520 1582
1520 1540
1521 1523
1521 1559
1521 1542
1522 1565
1522 1579
1523 1584
1523 1561
1523 1583
1524 1555
1524 1548
1525 1539
1526 1577
1526 1580
1526 1531
1528 1548
1529 1576
1530 1560
1531 1557
1532 1584
1532 1588
1532 1564
1533 1581
1535 1586
1536 1556
1536 1546
1537 1566
1537 1559
1538 1579
1540 1550
1540 1601
1540 1547
1542 1556
1543 1570
1543 1580
1544 1582
1545 1606
1545 1575
1545 1590
1546 1604
1547 1561
1549 1560
1549 1577
1550 1614
1550 1590
1551 1560
1551 1570
1551 1566
1551 1608
1551 1552
1552 1555
1552 1563
1552 1601
1553 1556
1554 1579
1555 1584
1555 1593
1555 1581
1556 1577
1556 1619
1557 1619
1558 1609
1559 1569
1560 1572
1561 1570
1561 1592
1562 1626
1562 1576
1562 1573
1563 1605
1563 1619
1563 1566
1563 1606
1564 1618
1565 1591
1565 1593
1566 1621
1566 1584
1566 1595
1566 1624
1568 1604
1568 1592
1568 1601
1568 1582
1569 1590
1570 1621
1572 1599
1572 1582
1573 1611
1574 1627
1574 1592
1575 1638
1575 1616
1575 1620
1576 1630
1577 1595
1577 1610
1578 1606
1579 1631
1579 1640
1579 1613
1580 1599
1580 1636
1581 1618
1581 1628
1581 1584
1581 1602
1581 1592
1582 1600
1582 1589
1582 1598
1582 1643
1582 1611
1582 1593
1584 1617
1584 1587
1584 1644
1585 1597
1585 1607
1586 1637
1586 1587
1586 1607
1587 1623
1587 1590
1588 1598
1589 1633
1590 1634
1590 1598
1590 1604
1590 1607
1592 1594
1592 1640
1593 1651
1593 1602
1593 1654
1594 1654
1594 1638
1595 1605
1595 1651
1596 1645
1596 1654
1597 1609
1598 1628
1598 1651
1598 1605
1598 1609
1598 1650
1599 1620
1599 1600
1599 1651
1599 1624
1599 1618
1599 1655
1600 1648
1600 1621
1601 1650
1601 1656
1601 1607
1602 1614
1603 1667
1604 1640
1604 1605
1606 1629
1607 1612
1607 1616
1607 1649
1608 1651
1609 1640
1610 1650
1612 1619
1614 1634
1614 1670
1615 1677
1615 1641
1615 1623
1615 1636
1616 1671
1616 1647
1619 1679
1619 1633
1619 1622
1620 1629
1620 1623
1621 1665
1621 1662
1621 1654
1621 1683
1622 1653
1622 1672
1622 1643
1622 1648
1623 1680
1624 1672
1624 1673
1625 1643
1625 1674
1625 1675
1626 1645
1626 1668
1627 1629
1628 1646
1628 1651
1628 1663
1628 1687
1628 1680
1629 1682
1629 1668
1629 1635
1629 1680
1629 1669
1630 1678
1630 1654
1630 1658
1630 1686
1631 1678
1633 1671
1634 1691
1634 1698
1634 1673
1635 1671
1635 1649
1636 1693
1636 1640
1638 1691
1638 1677
1640 1665
1640 1679
1641 1695
1641 1689
1642 1663
1642 1668
1643 1692
1643 1682
1644 1688
1644 1684
1645 1683
1645 1671
1645 1708
1645 1693
1645 1675
1646 1662
1646 1670
1646 1687
1646 1674
1647 1660
1647 1678
1649 1712
1649 1700
1649 1668
1650 1682
1650 1714
1651 1688
1652 1684
1653 1687
1653 1655
1653 1672
1654 1694
1654 1679
1655 1697
1655 1675
1655 1690
1656 1697
1657 1683
1657 1669
1657 1663
1657 1662
1657 1678
1657 1666
1658 1700
1658 1708
1658 1664
1658 1709
1658 1701
1659 1707
1659 1663
1659 1713
1659 1689
1661 1672
1662 1726
1662 1713
1663 1673
1663 1679
1664 1724
1664 1723
1664 1681
1665 1685
1666 1670
1666 1716
1666 1668
1667 1669
1668 1683
1669 1716
1669 1700
1670 1711
1671 1703
1672 1707
1672 1700
1672 1705
1672 1680
1674 1679
1674 1682
1674 1689
1676 1738
1677 1739
1677 1699
1677 1700
1678 1684
1678 1722
1678 1723
1678 1733
1678 1687
1679 1690
1679 1681
1679 1734
1680 1712
1680 1715
1680 1691
1682 1746
1682 1698
1683 1718
1683 1705
1683 1710
1683 1732
1684 1698
1684 1733
1684 1702
1685 1744
1687 1731
1687 1711
1687 1709
1688 1725
1688 1715
1688 1739
1689 1746
1690 1725
1690 1729
1691 1711
1691 1724
1691 1754
1691 1732
1691 1740
1691 1744
1692 1751
1692 1712
1693 1706
1693 1753
1693 1734
1697 1750
1697 1714
1699 1715
1699 1724
1700 1745
1701 1736
1702 1735
1703 1709
1703 1758
1703 1767
1703 1705
1704 1767
1705 1747
1705 1768
1705 1711
1705 1724
1706 1708
1707 1709
1708 1729
1708 1766
1710 1740
1711 1770
1711 1737
1712 1744
1712 1743
1712 1727
1713 1723
1713 1720
1713 1735
1714 1767
1715 1778
1715 1741
1715 1737
1716 1741
1717 1747
1718 1737
1718 1770
1718 1722
1719 1757
1722 1778
1723 1770
1723 1742
1724 1787
1725 1751
1726 1790
1727 1763
1727 1772
1727 1749
1728 1739
1728 1736
1730 1784
1730 1775
1731 1736
1731 1745
1731 1793
1732 1785
1734 1755
1734 1739
1734 1785
1734 1768
1735 1791
1735 1782
1736 1738
1736 1781
1737 1785
1738 1794
1738 1777
1739 1749
1741 1805
1742 1764
1743 1768
1744 1747
1744 1749
1744 1788
1745 1790
1745 1787
1745 1806
1745 1746
1747 1775
1747 1777
1748 1793
1748 1797
1749 1774
1749 1759
1750 1764
1750 1802
1751 1766
1752 1777
1752 1761
1753 1789
1753 1774
1753 1761
1754 1773
1754 1789
1754 1766
1755 1762
1755 1790
1756 1785
1756 1772
1756 1808
1757 1759
1758 1761
1758 1799
1759 1761
1759 1822
1759 1820
1760 1818
1760 1782
1760 1789
1761 1767
1761 1823
1762 1806
1762 1796
1763 1765
1763 1826
1763 1779
1763 1818
1763 1814
1763 1820
1763 1810
1764 1789
1765 1795
1766 1801
1766 1826
1767 1821
1767 1823
1768 1816
1768 1825
1769 1813
1769 1790
1769 1828
1770 1817
1770 1799
1770 1823
1771 1773
1771 1782
1771 1799
1772 1793
1772 1779
1774 1778
1774 1789
1775 1791
1775 1784
1775 1799
1775 1821
1776 1807
1776 1783
1777 1812
1778 1811
1778 1831
1778 1840
1778 1798
1779 1803
1779 1783
1779 1820
1779 1793
1780 1838
1780 1805
1781 1802
1781 1834
1783 1821
1783 1807
1783 1833
1783 1796
1783 1843
1784 1799
1784 1809
1785 1812
1786 1808
1786 1838
1786 1794
1786 1836
1786 1809
1786 1820
1787 1813
1788 1807
1789 1815
1789 1820
1790 1814
1790 1842
1791 1834
1791 1832
1792 1820
1794 1840
1795 1842
1796 1817
1797 1825
1797 1839
1797 1844
1798 1807
1798 1803
1798 1823
1799 1857
1800 1820
1800 1852
1801 1812
1801 1845
1801 1826
1802 1862
1802 1814
1802 1833
1802 1843
1803 1831
1803 1807
1804 1811
1804 1861
1805 1843
1805 1808
1806 1841
1806 1857
1807 1853
1808 1871
1808 1811
1809 1850
1810 1862
1811 1846
1812 1824
1812 1821
1812 1823
1813 1847
1813 1825
1814 1821
1814 1836
1814 1866
1815 1842
1816 1880
1818 1848
1818 1844
1818 1820
1818 1876
1819 1867
1820 1875
1820 1837
1821 1824
1821 1868
1821 1845
1822 1849
1822 1852
1822 1837
1823 1846
1823 1851
1823 1831
1823 1828
1824 1880
1825 1852
1826 1846
1826 1874
1826 1833
1826 1840
1827 1836
1828 1853
1828 1835
1829 1857
1829 1840
1829 1859
1830 1888
1830 1840
1830 1838
1831 1891
1831 1848
1831 1839
1832 1871
1832 1889
1833 1896
1833 1862
1833 1842
1834 1849
1835 1854
1835 1844
1835 1862
1835 1864
1836 1855
1836 1845
1836 1880
1837 1856
1837 1845
1837 1869
1838 1889
1838 1878
1839 1891
1839 1894
1840 1888
1840 1865
1840 1863
1841 1896
1841 1852
1842 1896
1843 1864
1844 1896
1845 1878
1845 1846
1845 1903
1846 1860
1846 1883
1847 1870
1847 1850
1847 1903
1847 1906
1848 1858
1848 1882
1848 1876
1848 1863
1849 1850
1851 1887
1851 1882
1851 1911
1852 1869
1852 1858
1852 1909
1853 1902
1853 1913
1853 1863
1854 1868
1854 1913
1855 1919
1855 1907
1855 1897
1856 1910
1856 1880
1856 1884
1856 1857
1858 1914
1858 1866
1858 1907
1858 1906
1859 1905
1859 1864
1859 1923
1859 1914
1860 1912
1860 1903
1860 1867
1862 1886
1862 1898
1862 1870
1864 1884
1864 1899
1864 1914
1864 1928
1866 1871
1866 1929
1868 1879
1869 1930
1870 1883
1870 1892
1871 1929
1872 1877
1872 1878
1872 1896
1873 1885
1873 1877
1874 1906
1877 1891
1877 1880
1877 1887
1878 1922
1878 1899
1879 1937
1879 1926
1879 1909
1879 1912
1880 1938
1880 1892
1883 1886
1883 1912
1883 1917
1883 1896
1883 1935
1883 1905
1884 1919
1885 1948
1885 1891
1885 1925
1885 1904
1885 1949
1887 1949
1887 1940
1888 1902
1888 1938
1889 1937
1889 1919
1889 1916
1889 1910
1890 1923
1891 1892
1893 1916
1894 1943
1894 1947
1894 1916
1894 1922
1896 1960
1896 1957
1896 1924
1896 1913
1898 1916
1898 1938
1898 1940
1899 1919
1900 1929
1900 1947
1900 1952
1901 1958
1901 1926
1902 1928
1902 1924
1902 1946
1902 1966
1902 1929
1902 1918
1902 1945
1903 1913
1904 1922
1906 1943
1906 1950
1906 1952
1908 1918
1908 1957
1909 1968
1909 1958
1910 1971
1910 1970
1910 1922
1910 1927
1910 1957
1914 1961
1914 1969
1915 1931
1915 1922
1915 1955
1916 1963
1916 1956
1916 1940
1917 1925
1918 1937
1918 1924
1919 1934
1919 1941
1919 1937
1919 1926
1920 1922
1920 1925
1920 1959
1920 1934
1920 1956
1921 1935
1921 1932
1921 1975
1922 1961
1924 1942
1925 1962
1925 1980
1926 1951
1926 1928
1927 1958
1927 1982
1928 1930
1928 1984
1928 1966
1929 1993
1929 1930
1930 1945
1930 1973
1931 1976
1931 1978
1931 1942
1933 1956
1933 1938
1934 1980
1935 1948
1936 1985
1936 1960
1937 1942
1937 1991
1937 1956
1938 1996
1939 1943
1939 1981
1940 1980
1940 1952
1943 1971
1943 1964
1943 1975
1944 1983
1944 1993
1944 1978
1944 1981
1945 1957
1945 1963
1945 1959
1946 1999
1946 1998
1946 1960
1947 1957
1948 1978
1948 1981
1948 1950
1949 1959
1950 1957
1950 1963
1950 1958
1950 1961
1951 1961
1951 1978
1953 1992
1953 1971
1954 1997
1954 1991
1955 1957
1956 1965
1956 1984
1956 1999
1956 1961
1956 1994
1956 1966
1957 1978
1957 1991
1958 1992
1958 1975
1959 1986
1960 1999
1960 1983
1961 1984
1962 1976
1962 1979
1962 1966
1963 1991
1963 1992
1963 1987
1964 1988
1964 1989
1964 1982
1965 1971
1965 1990
1965 1975
1966 1985
1967 1984
1968 1997
1969 1990
1969 1989
1969 1991
1970 1973
1970 1984
1970 1976
1970 1986
1971 1976
1971 1974
1972 1976
1973 1989
1973 1982
1973 1983
1973 1999
1974 1982
1974 1980
1974 1990
1974 1984
1975 1997
1975 1987
1975 1996
1976 1986
1977 1989
1977 1981
1977 1985
1978 1997
1978 1995
1979 1985
1980 1992
1980 1987
1981 1999
1982 1990
1983 1984
1983 1989
1983 1994
1984 1989
1987 1991
1987 1989
1987 1995
1987 1993
1989 1993
1989 1999
1990 1997
1990 1996
1990 1992
1991 1996
1991 1999
1991 1992
1992 1995
1992 1997
1993 1994
1993 1996
1994 1995
1994 1999
1994 1996
1995 1999
1995 1998
1996 1997
1996 1998
1997 1998
1998 1999
