# grid_S
1152 4704
-12 12
-10 10
-12 12
-10 10
-11 11
-10 10
-11 11
-10 10
-10 10
-12 12
-11 11
-11 11
-10 10
-12 12
-10 10
-11 11
-10 10
-10 10
-11 11
-11 11
-11 11
-12 12
-10 10
-11 11
-11 11
-10 10
-10 10
-11 11
-12 12
-11 11
-10 10
-12 12
-11 11
-10 10
-12 12
-12 12
-10 10
-11 11
-12 12
-11 11
-11 11
-10 10
-12 12
-12 12
-11 11
-10 10
-11 11
-10 10
-10 10
-12 12
-11 11
-11 11
-12 12
-10 10
-12 12
-10 10
-10 10
-12 12
-10 10
-10 10
-10 10
-10 10
-11 11
-10 10
-12 12
-12 12
-11 11
-11 11
-10 10
-12 12
-10 10
-12 12
-12 12
-12 12
-11 11
-12 12
-12 12
-10 10
-11 11
-12 12
-12 12
-11 11
-11 11
-10 10
-10 10
-10 10
-10 10
-11 11
-10 10
-11 11
-12 12
-12 12
-12 12
-11 11
-11 11
-11 11
-11 11
-10 10
-12 12
-10 10
-12 12
-10 10
-10 10
-11 11
-10 10
-12 12
-10 10
-10 10
-12 12
-12 12
-12 12
-11 11
-10 10
-10 10
-11 11
-12 12
-10 10
-11 11
-11 11
-12 12
-10 10
-10 10
-11 11
-11 11
-12 12
-12 12
-10 10
-12 12
-11 11
-11 11
-10 10
-10 10
-12 12
-11 11
-10 10
-11 11
-10 10
-10 10
-12 12
-11 11
-11 11
-12 12
-12 12
-10 10
-11 11
-11 11
-11 11
-12 12
-10 10
-11 11
-11 11
-12 12
-11 11
-12 12
-10 10
-10 10
-10 10
-10 10
-12 12
-10 10
-10 10
-12 12
-10 10
-11 11
-12 12
-10 10
-11 11
-11 11
-12 12
-10 10
-10 10
-12 12
-10 10
-12 12
-10 10
-12 12
-10 10
-10 10
-11 11
-11 11
-11 11
-11 11
-10 10
-10 10
-11 11
-12 12
-12 12
-11 11
-10 10
-12 12
-10 10
-11 11
-12 12
-11 11
-10 10
-10 10
-10 10
-12 12
-12 12
-11 11
-12 12
-10 10
-11 11
-11 11
-10 10
-10 10
-12 12
-10 10
-10 10
-12 12
-10 10
-11 11
-11 11
-10 10
-10 10
-10 10
-10 10
-11 11
-10 10
-11 11
-11 11
-11 11
-12 12
-12 12
-11 11
-11 11
-11 11
-12 12
-12 12
-11 11
-11 11
-11 11
-11 11
-10 10
-11 11
-10 10
-11 11
-11 11
-12 12
-11 11
-12 12
-10 10
-12 12
-11 11
-11 11
-12 12
-11 11
-11 11
-11 11
-10 10
-11 11
-11 11
-10 10
-12 12
-12 12
-11 11
-12 12
-11 11
-11 11
-12 12
-10 10
-10 10
-12 12
-10 10
-12 12
-12 12
19 10
-12 12
-12 12
-10 10
-10 10
-10 10
-12 12
-12 12
-11 11
-11 11
-10 10
-10 10
-12 12
-10 10
-10 10
-11 11
-10 10
-10 10
-12 12
-12 12
-10 10
-12 12
-12 12
-12 12
-10 10
-12 12
-10 10
-10 10
-11 11
-10 10
-10 10
-11 11
-12 12
-10 10
-10 10
-12 12
-11 11
-10 10
-12 12
-11 11
-12 12
-11 11
-12 12
-12 12
-12 12
-10 10
-11 11
-11 11
-11 11
-12 12
-12 12
-10 10
-12 12
-11 11
-11 11
-12 12
-10 10
-11 11
-11 11
-12 12
-12 12
-11 11
-10 10
-10 10
-12 12
-10 10
-12 12
-11 11
-11 11
-12 12
-12 12
-12 12
-12 12
-10 10
-12 12
-10 10
-10 10
-10 10
-11 11
-12 12
-1 10
-2 11
-11 11
-10 10
-11 11
-12 12
-12 12
4 11
24 10
-5 11
-11 11
-12 12
-12 12
-12 12
-10 10
3 10
23 10
34 10
-12 12
-10 10
-11 11
-12 12
-12 12
-9 11
11 12
-12 12
-11 11
-10 10
-11 11
-12 12
-12 12
-10 10
-12 12
-11 11
-12 12
-10 10
-12 12
-11 11
-10 10
-12 12
-10 10
-10 10
-11 11
-12 12
-11 11
-12 12
-12 12
-12 12
-10 10
-12 12
-10 10
-10 10
-12 12
-10 10
-12 12
-10 10
-11 11
-10 10
-10 10
-11 11
-12 12
-12 12
-10 10
-10 10
-0 12
-10 10
-12 12
-12 12
-10 10
-12 12
-12 12
-11 11
6 11
10 10
-12 12
-12 12
-12 12
-10 10
-12 12
-11 11
-3 11
-7 12
-11 11
-12 12
-10 10
-12 12
-10 10
-11 11
-2 12
17 12
-12 12
-10 10
-12 12
-12 12
-11 11
12 12
54 10
32 12
-12 12
-12 12
-12 12
-12 12
-11 11
23 10
95 11
36 11
15 11
-10 10
-10 10
-12 12
-8 12
19 12
52 10
36 11
-5 10
-12 12
-11 11
-12 12
-10 10
5 11
2 11
17 12
-10 10
-10 10
-11 11
-10 10
-12 12
-12 12
-7 10
-9 10
-10 10
-11 11
-12 12
-11 11
-10 10
-12 12
-10 10
-12 12
-12 12
-11 11
-10 10
-12 12
-10 10
-10 10
-12 12
-10 10
-10 10
-10 10
-12 12
-11 11
-10 10
-11 11
-2 12
8 12
-6 12
-11 11
-12 12
-11 11
-11 11
4 12
12 11
43 11
33 11
-10 10
-12 12
-10 10
-11 11
-3 11
49 10
52 10
33 11
-10 10
-10 10
-11 11
-12 12
1 12
52 11
5 12
9 10
-10 10
-10 10
-10 10
-12 12
2 10
30 10
26 10
4 12
-11 11
-11 11
-10 10
-11 11
18 11
88 11
72 10
-2 10
-11 11
-10 10
-11 11
-10 11
31 12
44 11
91 12
29 10
-10 10
-12 12
-11 11
-0 10
34 11
125 12
85 10
21 10
-11 11
-11 11
-12 12
2 11
23 10
11 10
35 10
15 10
-10 10
-10 10
-11 11
-11 11
-10 10
-11 11
-10 12
-12 12
-10 10
-12 12
-12 12
-10 10
-10 10
-10 10
-10 10
-12 12
-12 12
-12 12
-10 10
-12 12
-12 12
-12 12
-6 10
-11 11
-10 10
-10 10
-11 11
-12 12
-12 12
-7 10
36 11
3 10
-12 12
-10 10
-12 12
-10 10
13 10
25 11
78 11
23 10
11 11
-11 11
-10 10
-12 12
3 11
57 12
146 12
41 10
-12 12
-12 12
-12 12
-12 12
26 10
61 12
120 11
40 11
7 10
-11 11
-12 12
-10 10
0 12
35 11
51 11
22 10
-11 11
-12 12
-12 12
-10 10
39 12
83 11
59 10
47 12
-12 12
-12 12
-12 12
-10 10
39 10
132 11
81 10
13 11
-11 11
-10 10
-11 11
-4 11
29 11
90 12
108 11
-9 12
-11 11
-12 12
-11 11
-11 11
0 10
64 12
86 11
-0 11
-12 12
-10 10
-12 12
-11 11
-11 11
-10 10
4 10
-11 11
-11 11
-12 12
-12 12
-10 10
-12 12
-10 10
-12 12
-12 12
-11 11
-10 10
-10 10
-11 11
-11 11
-5 10
-5 11
-11 11
-12 12
-12 12
-11 11
-10 10
-12 12
22 12
25 10
27 11
-11 11
-11 11
-11 11
-10 10
35 11
71 12
66 11
39 11
-11 11
-10 10
-10 10
-12 12
7 10
47 11
108 11
20 10
-3 11
-12 12
-11 11
-12 12
27 11
118 10
101 11
60 11
-10 12
-12 12
-12 12
-10 10
15 10
86 12
72 11
11 12
-11 11
-12 12
-10 10
-12 12
36 10
74 11
65 12
14 10
-12 12
-10 10
-10 10
-11 11
75 11
115 11
109 12
17 10
-11 11
-12 12
-11 11
3 10
91 12
88 10
53 11
6 11
-12 12
-12 12
-10 10
-12 12
13 10
43 12
33 10
-10 10
-11 11
-10 10
-10 10
-11 11
-11 11
-10 10
2 10
-10 10
-11 11
-12 12
-11 11
-12 12
-10 10
-12 12
-12 12
-12 12
-11 11
-11 11
-11 11
-10 10
-12 12
-11 11
-12 12
-11 11
-11 11
-11 11
-10 10
-11 11
-11 11
-5 10
20 10
-3 11
-10 10
-12 12
-11 11
-12 12
-10 10
29 10
93 12
20 12
-12 12
-12 12
-10 10
-12 12
-3 10
91 10
44 12
24 11
-10 10
-11 11
-12 12
-11 11
2 12
41 11
29 12
51 11
-8 10
-10 10
-12 12
-11 11
-2 10
53 12
50 12
13 12
-11 11
-10 10
-10 10
-12 12
18 10
64 12
33 10
-3 10
-10 10
-12 12
-10 10
-12 12
11 10
100 12
46 11
10 11
-12 12
-12 12
-11 11
-12 12
32 12
15 11
39 12
7 11
-10 10
-10 10
-11 11
-10 10
9 11
58 12
41 10
-12 12
-12 12
-11 11
-11 11
-12 12
-10 10
-6 12
-12 12
-10 10
-10 10
-10 10
-10 10
-12 12
-12 12
-12 12
-11 11
-11 11
-11 11
-10 10
-10 10
-12 12
-10 10
-11 11
-10 10
-12 12
-10 10
-12 12
-11 11
-10 10
-10 10
-6 11
2 10
-10 12
-12 12
-12 12
-10 10
-10 10
-11 11
1 11
2 10
-12 12
-12 12
-10 10
-11 11
-12 12
-11 11
5 12
31 11
1 10
-11 11
-10 10
-12 12
-10 10
-11 11
-7 11
19 11
3 12
-10 10
-10 10
-11 11
-12 12
-12 12
6 11
24 11
-9 10
-12 12
-10 10
-11 11
-10 10
-1 10
2 12
8 11
-10 10
-10 10
-11 11
-10 10
-12 12
3 12
29 12
21 10
-12 12
-10 10
-12 12
-11 11
-11 11
14 12
29 11
17 10
-9 11
-10 10
-11 11
-10 10
-12 12
-7 10
-3 10
0 10
-10 10
-11 11
-10 10
-10 10
-11 11
-11 11
-11 11
-12 12
-10 10
-12 12
-10 10
-12 12
-12 12
-12 12
-10 10
-12 12
-10 10
-11 11
-10 10
-10 10
-12 12
-12 12
-10 10
-10 10
-12 12
-10 10
-10 10
-10 10
-11 11
-12 12
-10 10
-12 12
-12 12
-10 10
-11 11
-11 11
-11 11
-11 11
-11 11
-10 10
-12 12
-10 10
-10 10
-11 11
-11 11
-11 11
-11 11
-11 11
-11 11
-12 12
-10 10
-10 10
-10 10
-12 12
-11 11
-10 10
-12 12
-12 12
-12 12
-10 10
-10 10
-11 11
-10 10
-12 12
-12 12
-10 10
-12 12
-10 10
-12 12
-10 10
-11 11
-11 11
-12 12
-12 12
-11 11
-10 10
-10 10
-6 12
-12 12
-12 12
-10 10
-10 10
-12 12
-10 10
-12 12
-12 12
-10 10
-11 11
-10 10
-10 10
-10 10
-11 11
-10 10
-11 11
-11 11
-12 12
-11 11
-12 12
-12 12
-10 10
-10 10
-12 12
-12 12
-10 10
-12 12
-12 12
-12 12
-10 10
-11 11
-11 11
-11 11
-11 11
-10 10
-12 12
-12 12
-11 11
-10 10
-10 10
-10 10
-12 12
-11 11
-11 11
-10 10
-11 11
-12 12
-12 12
-12 12
-11 11
-12 12
-11 11
-11 11
-12 12
-10 10
-12 12
-12 12
-12 12
-12 12
-12 12
-11 11
-10 10
-11 11
-11 11
-10 10
-11 11
-12 12
-10 10
-11 11
-12 12
-10 10
-12 12
-10 10
-10 10
-12 12
-10 10
-11 11
-10 10
-10 10
-10 10
-11 11
-11 11
-10 10
-10 10
-11 11
-11 11
-10 10
-10 10
-12 12
-11 11
-12 12
-12 12
-11 11
-11 11
-12 12
-11 11
-11 11
-11 11
-10 10
-12 12
-12 12
-11 11
-12 12
-10 10
-11 11
-10 10
-10 10
-11 11
-12 12
-12 12
-10 10
-12 12
-11 11
-12 12
-11 11
-12 12
-12 12
-10 10
-10 10
-12 12
-11 11
-10 10
-10 10
-11 11
-12 12
-11 11
1 0
2 1
3 2
4 3
5 4
6 5
7 6
9 8
10 9
11 10
12 11
13 12
14 13
15 14
17 16
18 17
19 18
20 19
21 20
22 21
23 22
25 24
26 25
27 26
28 27
29 28
30 29
31 30
33 32
34 33
35 34
36 35
37 36
38 37
39 38
41 40
42 41
43 42
44 43
45 44
46 45
47 46
49 48
50 49
51 50
52 51
53 52
54 53
55 54
57 56
58 57
59 58
60 59
61 60
62 61
63 62
65 64
66 65
67 66
68 67
69 68
70 69
71 70
73 72
74 73
75 74
76 75
77 76
78 77
79 78
81 80
82 81
83 82
84 83
85 84
86 85
87 86
89 88
90 89
91 90
92 91
93 92
94 93
95 94
97 96
98 97
99 98
100 99
101 100
102 101
103 102
105 104
106 105
107 106
108 107
109 108
110 109
111 110
113 112
114 113
115 114
116 115
117 116
118 117
119 118
121 120
122 121
123 122
124 123
125 124
126 125
127 126
129 128
130 129
131 130
132 131
133 132
134 133
135 134
137 136
138 137
139 138
140 139
141 140
142 141
143 142
145 144
146 145
147 146
148 147
149 148
150 149
151 150
153 152
154 153
155 154
156 155
157 156
158 157
159 158
161 160
162 161
163 162
164 163
165 164
166 165
167 166
169 168
170 169
171 170
172 171
173 172
174 173
175 174
177 176
178 177
179 178
180 179
181 180
182 181
183 182
185 184
186 185
187 186
188 187
189 188
190 189
191 190
193 192
194 193
195 194
196 195
197 196
198 197
199 198
201 200
202 201
203 202
204 203
205 204
206 205
207 206
209 208
210 209
211 210
212 211
213 212
214 213
215 214
217 216
218 217
219 218
220 219
221 220
222 221
223 222
225 224
226 225
227 226
228 227
229 228
230 229
231 230
233 232
234 233
235 234
236 235
237 236
238 237
239 238
241 240
242 241
243 242
244 243
245 244
246 245
247 246
249 248
250 249
251 250
252 251
253 252
254 253
255 254
257 256
258 257
259 258
260 259
261 260
262 261
263 262
265 264
266 265
267 266
268 267
269 268
270 269
271 270
273 272
274 273
275 274
276 275
277 276
278 277
279 278
281 280
282 281
283 282
284 283
285 284
286 285
287 286
289 288
290 289
291 290
292 291
293 292
294 293
295 294
297 296
298 297
299 298
300 299
301 300
302 301
303 302
305 304
306 305
307 306
308 307
309 308
310 309
311 310
313 312
314 313
315 314
316 315
317 316
318 317
319 318
321 320
322 321
323 322
324 323
325 324
326 325
327 326
329 328
330 329
331 330
332 331
333 332
334 333
335 334
337 336
338 337
339 338
340 339
341 340
342 341
343 342
345 344
346 345
347 346
348 347
349 348
350 349
351 350
353 352
354 353
355 354
356 355
357 356
358 357
359 358
361 360
362 361
363 362
364 363
365 364
366 365
367 366
369 368
370 369
371 370
372 371
373 372
374 373
375 374
377 376
378 377
379 378
380 379
381 380
382 381
383 382
385 384
386 385
387 386
388 387
389 388
390 389
391 390
393 392
394 393
395 394
396 395
397 396
398 397
399 398
401 400
402 401
403 402
404 403
405 404
406 405
407 406
409 408
410 409
411 410
412 411
413 412
414 413
415 414
417 416
418 417
419 418
420 419
421 420
422 421
423 422
425 424
426 425
427 426
428 427
429 428
430 429
431 430
433 432
434 433
435 434
436 435
437 436
438 437
439 438
441 440
442 441
443 442
444 443
445 444
446 445
447 446
449 448
450 449
451 450
452 451
453 452
454 453
455 454
457 456
458 457
459 458
460 459
461 460
462 461
463 462
465 464
466 465
467 466
468 467
469 468
470 469
471 470
473 472
474 473
475 474
476 475
477 476
478 477
479 478
481 480
482 481
483 482
484 483
485 484
486 485
487 486
489 488
490 489
491 490
492 491
493 492
494 493
495 494
497 496
498 497
499 498
500 499
501 500
502 501
503 502
505 504
506 505
507 506
508 507
509 508
510 509
511 510
513 512
514 513
515 514
516 515
517 516
518 517
519 518
521 520
522 521
523 522
524 523
525 524
526 525
527 526
529 528
530 529
531 530
532 531
533 532
534 533
535 534
537 536
538 537
539 538
540 539
541 540
542 541
543 542
545 544
546 545
547 546
548 547
549 548
550 549
551 550
553 552
554 553
555 554
556 555
557 556
558 557
559 558
561 560
562 561
563 562
564 563
565 564
566 565
567 566
569 568
570 569
571 570
572 571
573 572
574 573
575 574
577 576
578 577
579 578
580 579
581 580
582 581
583 582
585 584
586 585
587 586
588 587
589 588
590 589
591 590
593 592
594 593
595 594
596 595
597 596
598 597
599 598
601 600
602 601
603 602
604 603
605 604
606 605
607 606
609 608
610 609
611 610
612 611
613 612
614 613
615 614
617 616
618 617
619 618
620 619
621 620
622 621
623 622
625 624
626 625
627 626
628 627
629 628
630 629
631 630
633 632
634 633
635 634
636 635
637 636
638 637
639 638
641 640
642 641
643 642
644 643
645 644
646 645
647 646
649 648
650 649
651 650
652 651
653 652
654 653
655 654
657 656
658 657
659 658
660 659
661 660
662 661
663 662
665 664
666 665
667 666
668 667
669 668
670 669
671 670
673 672
674 673
675 674
676 675
677 676
678 677
679 678
681 680
682 681
683 682
684 683
685 684
686 685
687 686
689 688
690 689
691 690
692 691
693 692
694 693
695 694
697 696
698 697
699 698
700 699
701 700
702 701
703 702
705 704
706 705
707 706
708 707
709 708
710 709
711 710
713 712
714 713
715 714
716 715
717 716
718 717
719 718
721 720
722 721
723 722
724 723
725 724
726 725
727 726
729 728
730 729
731 730
732 731
733 732
734 733
735 734
737 736
738 737
739 738
740 739
741 740
742 741
743 742
745 744
746 745
747 746
748 747
749 748
750 749
751 750
753 752
754 753
755 754
756 755
757 756
758 757
759 758
761 760
762 761
763 762
764 763
765 764
766 765
767 766
769 768
770 769
771 770
772 771
773 772
774 773
775 774
777 776
778 777
779 778
780 779
781 780
782 781
783 782
785 784
786 785
787 786
788 787
789 788
790 789
791 790
793 792
794 793
795 794
796 795
797 796
798 797
799 798
801 800
802 801
803 802
804 803
805 804
806 805
807 806
809 808
810 809
811 810
812 811
813 812
814 813
815 814
817 816
818 817
819 818
820 819
821 820
822 821
823 822
825 824
826 825
827 826
828 827
829 828
830 829
831 830
833 832
834 833
835 834
836 835
837 836
838 837
839 838
841 840
842 841
843 842
844 843
845 844
846 845
847 846
849 848
850 849
851 850
852 851
853 852
854 853
855 854
857 856
858 857
859 858
860 859
861 860
862 861
863 862
865 864
866 865
867 866
868 867
869 868
870 869
871 870
873 872
874 873
875 874
876 875
877 876
878 877
879 878
881 880
882 881
883 882
884 883
885 884
886 885
887 886
889 888
890 889
891 890
892 891
893 892
894 893
895 894
897 896
898 897
899 898
900 899
901 900
902 901
903 902
905 904
906 905
907 906
908 907
909 908
910 909
911 910
913 912
914 913
915 914
916 915
917 916
918 917
919 918
921 920
922 921
923 922
924 923
925 924
926 925
927 926
929 928
930 929
931 930
932 931
933 932
934 933
935 934
937 936
938 937
939 938
940 939
941 940
942 941
943 942
945 944
946 945
947 946
948 947
949 948
950 949
951 950
953 952
954 953
955 954
956 955
957 956
958 957
959 958
961 960
962 961
963 962
964 963
965 964
966 965
967 966
969 968
970 969
971 970
972 971
973 972
974 973
975 974
977 976
978 977
979 978
980 979
981 980
982 981
983 982
985 984
986 985
987 986
988 987
989 988
990 989
991 990
993 992
994 993
995 994
996 995
997 996
998 997
999 998
1001 1000
1002 1001
1003 1002
1004 1003
1005 1004
1006 1005
1007 1006
1009 1008
1010 1009
1011 1010
1012 1011
1013 1012
1014 1013
1015 1014
1017 1016
1018 1017
1019 1018
1020 1019
1021 1020
1022 1021
1023 1022
1025 1024
1026 1025
1027 1026
1028 1027
1029 1028
1030 1029
1031 1030
1033 1032
1034 1033
1035 1034
1036 1035
1037 1036
1038 1037
1039 1038
1041 1040
1042 1041
1043 1042
1044 1043
1045 1044
1046 1045
1047 1046
1049 1048
1050 1049
1051 1050
1052 1051
1053 1052
1054 1053
1055 1054
1057 1056
1058 1057
1059 1058
1060 1059
1061 1060
1062 1061
1063 1062
1065 1064
1066 1065
1067 1066
1068 1067
1069 1068
1070 1069
1071 1070
1073 1072
1074 1073
1075 1074
1076 1075
1077 1076
1078 1077
1079 1078
1081 1080
1082 1081
1083 1082
1084 1083
1085 1084
1086 1085
1087 1086
1089 1088
1090 1089
1091 1090
1092 1091
1093 1092
1094 1093
1095 1094
1097 1096
1098 1097
1099 1098
1100 1099
1101 1100
1102 1101
1103 1102
1105 1104
1106 1105
1107 1106
1108 1107
1109 1108
1110 1109
1111 1110
1113 1112
1114 1113
1115 1114
1116 1115
1117 1116
1118 1117
1119 1118
1121 1120
1122 1121
1123 1122
1124 1123
1125 1124
1126 1125
1127 1126
1129 1128
1130 1129
1131 1130
1132 1131
1133 1132
1134 1133
1135 1134
1137 1136
1138 1137
1139 1138
1140 1139
1141 1140
1142 1141
1143 1142
1145 1144
1146 1145
1147 1146
1148 1147
1149 1148
1150 1149
1151 1150
1 96
2 97
3 98
4 99
5 100
6 101
7 102
9 104
10 105
11 106
12 107
13 108
14 109
15 110
17 112
18 113
19 114
20 115
21 116
22 117
23 118
25 120
26 121
27 122
28 123
29 124
30 125
31 126
33 128
34 129
35 130
36 131
37 132
38 133
39 134
41 136
42 137
43 138
44 139
45 140
46 141
47 142
49 144
50 145
51 146
52 147
53 148
54 149
55 150
57 152
58 153
59 154
60 155
61 156
62 157
63 158
65 160
66 161
67 162
68 163
69 164
70 165
71 166
73 168
74 169
75 170
76 171
77 172
78 173
79 174
81 176
82 177
83 178
84 179
85 180
86 181
87 182
89 184
90 185
91 186
92 187
93 188
94 189
95 190
97 192
98 193
99 194
100 195
101 196
102 197
103 198
105 200
106 201
107 202
108 203
109 204
110 205
111 206
113 208
114 209
115 210
116 211
117 212
118 213
119 214
121 216
122 217
123 218
124 219
125 220
126 221
127 222
129 224
130 225
131 226
132 227
133 228
134 229
135 230
137 232
138 233
139 234
140 235
141 236
142 237
143 238
145 240
146 241
147 242
148 243
149 244
150 245
151 246
153 248
154 249
155 250
156 251
157 252
158 253
159 254
161 256
162 257
163 258
164 259
165 260
166 261
167 262
169 264
170 265
171 266
172 267
173 268
174 269
175 270
177 272
178 273
179 274
180 275
181 276
182 277
183 278
185 280
186 281
187 282
188 283
189 284
190 285
191 286
193 288
194 289
195 290
196 291
197 292
198 293
199 294
201 296
202 297
203 298
204 299
205 300
206 301
207 302
209 304
210 305
211 306
212 307
213 308
214 309
215 310
217 312
218 313
219 314
220 315
221 316
222 317
223 318
225 320
226 321
227 322
228 323
229 324
230 325
231 326
233 328
234 329
235 330
236 331
237 332
238 333
239 334
241 336
242 337
243 338
244 339
245 340
246 341
247 342
249 344
250 345
251 346
252 347
253 348
254 349
255 350
257 352
258 353
259 354
260 355
261 356
262 357
263 358
265 360
266 361
267 362
268 363
269 364
270 365
271 366
273 368
274 369
275 370
276 371
277 372
278 373
279 374
281 376
282 377
283 378
284 379
285 380
286 381
287 382
289 384
290 385
291 386
292 387
293 388
294 389
295 390
297 392
298 393
299 394
300 395
301 396
302 397
303 398
305 400
306 401
307 402
308 403
309 404
310 405
311 406
313 408
314 409
315 410
316 411
317 412
318 413
319 414
321 416
322 417
323 418
324 419
325 420
326 421
327 422
329 424
330 425
331 426
332 427
333 428
334 429
335 430
337 432
338 433
339 434
340 435
341 436
342 437
343 438
345 440
346 441
347 442
348 443
349 444
350 445
351 446
353 448
354 449
355 450
356 451
357 452
358 453
359 454
361 456
362 457
363 458
364 459
365 460
366 461
367 462
369 464
370 465
371 466
372 467
373 468
374 469
375 470
377 472
378 473
379 474
380 475
381 476
382 477
383 478
385 480
386 481
387 482
388 483
389 484
390 485
391 486
393 488
394 489
395 490
396 491
397 492
398 493
399 494
401 496
402 497
403 498
404 499
405 500
406 501
407 502
409 504
410 505
411 506
412 507
413 508
414 509
415 510
417 512
418 513
419 514
420 515
421 516
422 517
423 518
425 520
426 521
427 522
428 523
429 524
430 525
431 526
433 528
434 529
435 530
436 531
437 532
438 533
439 534
441 536
442 537
443 538
444 539
445 540
446 541
447 542
449 544
450 545
451 546
452 547
453 548
454 549
455 550
457 552
458 553
459 554
460 555
461 556
462 557
463 558
465 560
466 561
467 562
468 563
469 564
470 565
471 566
473 568
474 569
475 570
476 571
477 572
478 573
479 574
481 576
482 577
483 578
484 579
485 580
486 581
487 582
489 584
490 585
491 586
492 587
493 588
494 589
495 590
497 592
498 593
499 594
500 595
501 596
502 597
503 598
505 600
506 601
507 602
508 603
509 604
510 605
511 606
513 608
514 609
515 610
516 611
517 612
518 613
519 614
521 616
522 617
523 618
524 619
525 620
526 621
527 622
529 624
530 625
531 626
532 627
533 628
534 629
535 630
537 632
538 633
539 634
540 635
541 636
542 637
543 638
545 640
546 641
547 642
548 643
549 644
550 645
551 646
553 648
554 649
555 650
556 651
557 652
558 653
559 654
561 656
562 657
563 658
564 659
565 660
566 661
567 662
569 664
570 665
571 666
572 667
573 668
574 669
575 670
577 672
578 673
579 674
580 675
581 676
582 677
583 678
585 680
586 681
587 682
588 683
589 684
590 685
591 686
593 688
594 689
595 690
596 691
597 692
598 693
599 694
601 696
602 697
603 698
604 699
605 700
606 701
607 702
609 704
610 705
611 706
612 707
613 708
614 709
615 710
617 712
618 713
619 714
620 715
621 716
622 717
623 718
625 720
626 721
627 722
628 723
629 724
630 725
631 726
633 728
634 729
635 730
636 731
637 732
638 733
639 734
641 736
642 737
643 738
644 739
645 740
646 741
647 742
649 744
650 745
651 746
652 747
653 748
654 749
655 750
657 752
658 753
659 754
660 755
661 756
662 757
663 758
665 760
666 761
667 762
668 763
669 764
670 765
671 766
673 768
674 769
675 770
676 771
677 772
678 773
679 774
681 776
682 777
683 778
684 779
685 780
686 781
687 782
689 784
690 785
691 786
692 787
693 788
694 789
695 790
697 792
698 793
699 794
700 795
701 796
702 797
703 798
705 800
706 801
707 802
708 803
709 804
710 805
711 806
713 808
714 809
715 810
716 811
717 812
718 813
719 814
721 816
722 817
723 818
724 819
725 820
726 821
727 822
729 824
730 825
731 826
732 827
733 828
734 829
735 830
737 832
738 833
739 834
740 835
741 836
742 837
743 838
745 840
746 841
747 842
748 843
749 844
750 845
751 846
753 848
754 849
755 850
756 851
757 852
758 853
759 854
761 856
762 857
763 858
764 859
765 860
766 861
767 862
769 864
770 865
771 866
772 867
773 868
774 869
775 870
777 872
778 873
779 874
780 875
781 876
782 877
783 878
785 880
786 881
787 882
788 883
789 884
790 885
791 886
793 888
794 889
795 890
796 891
797 892
798 893
799 894
801 896
802 897
803 898
804 899
805 900
806 901
807 902
809 904
810 905
811 906
812 907
813 908
814 909
815 910
817 912
818 913
819 914
820 915
821 916
822 917
823 918
825 920
826 921
827 922
828 923
829 924
830 925
831 926
833 928
834 929
835 930
836 931
837 932
838 933
839 934
841 936
842 937
843 938
844 939
845 940
846 941
847 942
849 944
850 945
851 946
852 947
853 948
854 949
855 950
857 952
858 953
859 954
860 955
861 956
862 957
863 958
865 960
866 961
867 962
868 963
869 964
870 965
871 966
873 968
874 969
875 970
876 971
877 972
878 973
879 974
881 976
882 977
883 978
884 979
885 980
886 981
887 982
889 984
890 985
891 986
892 987
893 988
894 989
895 990
897 992
898 993
899 994
900 995
901 996
902 997
903 998
905 1000
906 1001
907 1002
908 1003
909 1004
910 1005
911 1006
913 1008
914 1009
915 1010
916 1011
917 1012
918 1013
919 1014
921 1016
922 1017
923 1018
924 1019
925 1020
926 1021
927 1022
929 1024
930 1025
931 1026
932 1027
933 1028
934 1029
935 1030
937 1032
938 1033
939 1034
940 1035
941 1036
942 1037
943 1038
945 1040
946 1041
947 1042
948 1043
949 1044
950 1045
951 1046
953 1048
954 1049
955 1050
956 1051
957 1052
958 1053
959 1054
961 1056
962 1057
963 1058
964 1059
965 1060
966 1061
967 1062
969 1064
970 1065
971 1066
972 1067
973 1068
974 1069
975 1070
977 1072
978 1073
979 1074
980 1075
981 1076
982 1077
983 1078
985 1080
986 1081
987 1082
988 1083
989 1084
990 1085
991 1086
993 1088
994 1089
995 1090
996 1091
997 1092
998 1093
999 1094
1001 1096
1002 1097
1003 1098
1004 1099
1005 1100
1006 1101
1007 1102
1009 1104
1010 1105
1011 1106
1012 1107
1013 1108
1014 1109
1015 1110
1017 1112
1018 1113
1019 1114
1020 1115
1021 1116
1022 1117
1023 1118
1025 1120
1026 1121
1027 1122
1028 1123
1029 1124
1030 1125
1031 1126
1033 1128
1034 1129
1035 1130
1036 1131
1037 1132
1038 1133
1039 1134
1041 1136
1042 1137
1043 1138
1044 1139
1045 1140
1046 1141
1047 1142
1049 1144
1050 1145
1051 1146
1052 1147
1053 1148
1054 1149
1055 1150
97 0
98 1
99 2
100 3
101 4
102 5
103 6
105 8
106 9
107 10
108 11
109 12
110 13
111 14
113 16
114 17
115 18
116 19
117 20
118 21
119 22
121 24
122 25
123 26
124 27
125 28
126 29
127 30
129 32
130 33
131 34
132 35
133 36
134 37
135 38
137 40
138 41
139 42
140 43
141 44
142 45
143 46
145 48
146 49
147 50
148 51
149 52
150 53
151 54
153 56
154 57
155 58
156 59
157 60
158 61
159 62
161 64
162 65
163 66
164 67
165 68
166 69
167 70
169 72
170 73
171 74
172 75
173 76
174 77
175 78
177 80
178 81
179 82
180 83
181 84
182 85
183 86
185 88
186 89
187 90
188 91
189 92
190 93
191 94
193 96
194 97
195 98
196 99
197 100
198 101
199 102
201 104
202 105
203 106
204 107
205 108
206 109
207 110
209 112
210 113
211 114
212 115
213 116
214 117
215 118
217 120
218 121
219 122
220 123
221 124
222 125
223 126
225 128
226 129
227 130
228 131
229 132
230 133
231 134
233 136
234 137
235 138
236 139
237 140
238 141
239 142
241 144
242 145
243 146
244 147
245 148
246 149
247 150
249 152
250 153
251 154
252 155
253 156
254 157
255 158
257 160
258 161
259 162
260 163
261 164
262 165
263 166
265 168
266 169
267 170
268 171
269 172
270 173
271 174
273 176
274 177
275 178
276 179
277 180
278 181
279 182
281 184
282 185
283 186
284 187
285 188
286 189
287 190
289 192
290 193
291 194
292 195
293 196
294 197
295 198
297 200
298 201
299 202
300 203
301 204
302 205
303 206
305 208
306 209
307 210
308 211
309 212
310 213
311 214
313 216
314 217
315 218
316 219
317 220
318 221
319 222
321 224
322 225
323 226
324 227
325 228
326 229
327 230
329 232
330 233
331 234
332 235
333 236
334 237
335 238
337 240
338 241
339 242
340 243
341 244
342 245
343 246
345 248
346 249
347 250
348 251
349 252
350 253
351 254
353 256
354 257
355 258
356 259
357 260
358 261
359 262
361 264
362 265
363 266
364 267
365 268
366 269
367 270
369 272
370 273
371 274
372 275
373 276
374 277
375 278
377 280
378 281
379 282
380 283
381 284
382 285
383 286
385 288
386 289
387 290
388 291
389 292
390 293
391 294
393 296
394 297
395 298
396 299
397 300
398 301
399 302
401 304
402 305
403 306
404 307
405 308
406 309
407 310
409 312
410 313
411 314
412 315
413 316
414 317
415 318
417 320
418 321
419 322
420 323
421 324
422 325
423 326
425 328
426 329
427 330
428 331
429 332
430 333
431 334
433 336
434 337
435 338
436 339
437 340
438 341
439 342
441 344
442 345
443 346
444 347
445 348
446 349
447 350
449 352
450 353
451 354
452 355
453 356
454 357
455 358
457 360
458 361
459 362
460 363
461 364
462 365
463 366
465 368
466 369
467 370
468 371
469 372
470 373
471 374
473 376
474 377
475 378
476 379
477 380
478 381
479 382
481 384
482 385
483 386
484 387
485 388
486 389
487 390
489 392
490 393
491 394
492 395
493 396
494 397
495 398
497 400
498 401
499 402
500 403
501 404
502 405
503 406
505 408
506 409
507 410
508 411
509 412
510 413
511 414
513 416
514 417
515 418
516 419
517 420
518 421
519 422
521 424
522 425
523 426
524 427
525 428
526 429
527 430
529 432
530 433
531 434
532 435
533 436
534 437
535 438
537 440
538 441
539 442
540 443
541 444
542 445
543 446
545 448
546 449
547 450
548 451
549 452
550 453
551 454
553 456
554 457
555 458
556 459
557 460
558 461
559 462
561 464
562 465
563 466
564 467
565 468
566 469
567 470
569 472
570 473
571 474
572 475
573 476
574 477
575 478
577 480
578 481
579 482
580 483
581 484
582 485
583 486
585 488
586 489
587 490
588 491
589 492
590 493
591 494
593 496
594 497
595 498
596 499
597 500
598 501
599 502
601 504
602 505
603 506
604 507
605 508
606 509
607 510
609 512
610 513
611 514
612 515
613 516
614 517
615 518
617 520
618 521
619 522
620 523
621 524
622 525
623 526
625 528
626 529
627 530
628 531
629 532
630 533
631 534
633 536
634 537
635 538
636 539
637 540
638 541
639 542
641 544
642 545
643 546
644 547
645 548
646 549
647 550
649 552
650 553
651 554
652 555
653 556
654 557
655 558
657 560
658 561
659 562
660 563
661 564
662 565
663 566
665 568
666 569
667 570
668 571
669 572
670 573
671 574
673 576
674 577
675 578
676 579
677 580
678 581
679 582
681 584
682 585
683 586
684 587
685 588
686 589
687 590
689 592
690 593
691 594
692 595
693 596
694 597
695 598
697 600
698 601
699 602
700 603
701 604
702 605
703 606
705 608
706 609
707 610
708 611
709 612
710 613
711 614
713 616
714 617
715 618
716 619
717 620
718 621
719 622
721 624
722 625
723 626
724 627
725 628
726 629
727 630
729 632
730 633
731 634
732 635
733 636
734 637
735 638
737 640
738 641
739 642
740 643
741 644
742 645
743 646
745 648
746 649
747 650
748 651
749 652
750 653
751 654
753 656
754 657
755 658
756 659
757 660
758 661
759 662
761 664
762 665
763 666
764 667
765 668
766 669
767 670
769 672
770 673
771 674
772 675
773 676
774 677
775 678
777 680
778 681
779 682
780 683
781 684
782 685
783 686
785 688
786 689
787 690
788 691
789 692
790 693
791 694
793 696
794 697
795 698
796 699
797 700
798 701
799 702
801 704
802 705
803 706
804 707
805 708
806 709
807 710
809 712
810 713
811 714
812 715
813 716
814 717
815 718
817 720
818 721
819 722
820 723
821 724
822 725
823 726
825 728
826 729
827 730
828 731
829 732
830 733
831 734
833 736
834 737
835 738
836 739
837 740
838 741
839 742
841 744
842 745
843 746
844 747
845 748
846 749
847 750
849 752
850 753
851 754
852 755
853 756
854 757
855 758
857 760
858 761
859 762
860 763
861 764
862 765
863 766
865 768
866 769
867 770
868 771
869 772
870 773
871 774
873 776
874 777
875 778
876 779
877 780
878 781
879 782
881 784
882 785
883 786
884 787
885 788
886 789
887 790
889 792
890 793
891 794
892 795
893 796
894 797
895 798
897 800
898 801
899 802
900 803
901 804
902 805
903 806
905 808
906 809
907 810
908 811
909 812
910 813
911 814
913 816
914 817
915 818
916 819
917 820
918 821
919 822
921 824
922 825
923 826
924 827
925 828
926 829
927 830
929 832
930 833
931 834
932 835
933 836
934 837
935 838
937 840
938 841
939 842
940 843
941 844
942 845
943 846
945 848
946 849
947 850
948 851
949 852
950 853
951 854
953 856
954 857
955 858
956 859
957 860
958 861
959 862
961 864
962 865
963 866
964 867
965 868
966 869
967 870
969 872
970 873
971 874
972 875
973 876
974 877
975 878
977 880
978 881
979 882
980 883
981 884
982 885
983 886
985 888
986 889
987 890
988 891
989 892
990 893
991 894
993 896
994 897
995 898
996 899
997 900
998 901
999 902
1001 904
1002 905
1003 906
1004 907
1005 908
1006 909
1007 910
1009 912
1010 913
1011 914
1012 915
1013 916
1014 917
1015 918
1017 920
1018 921
1019 922
1020 923
1021 924
1022 925
1023 926
1025 928
1026 929
1027 930
1028 931
1029 932
1030 933
1031 934
1033 936
1034 937
1035 938
1036 939
1037 940
1038 941
1039 942
1041 944
1042 945
1043 946
1044 947
1045 948
1046 949
1047 950
1049 952
1050 953
1051 954
1052 955
1053 956
1054 957
1055 958
1057 960
1058 961
1059 962
1060 963
1061 964
1062 965
1063 966
1065 968
1066 969
1067 970
1068 971
1069 972
1070 973
1071 974
1073 976
1074 977
1075 978
1076 979
1077 980
1078 981
1079 982
1081 984
1082 985
1083 986
1084 987
1085 988
1086 989
1087 990
1089 992
1090 993
1091 994
1092 995
1093 996
1094 997
1095 998
1097 1000
1098 1001
1099 1002
1100 1003
1101 1004
1102 1005
1103 1006
1105 1008
1106 1009
1107 1010
1108 1011
1109 1012
1110 1013
1111 1014
1113 1016
1114 1017
1115 1018
1116 1019
1117 1020
1118 1021
1119 1022
1121 1024
1122 1025
1123 1026
1124 1027
1125 1028
1126 1029
1127 1030
1129 1032
1130 1033
1131 1034
1132 1035
1133 1036
1134 1037
1135 1038
1137 1040
1138 1041
1139 1042
1140 1043
1141 1044
1142 1045
1143 1046
1145 1048
1146 1049
1147 1050
1148 1051
1149 1052
1150 1053
1151 1054
1 8
2 9
3 10
4 11
5 12
6 13
7 14
9 16
10 17
11 18
12 19
13 20
14 21
15 22
17 24
18 25
19 26
20 27
21 28
22 29
23 30
25 32
26 33
27 34
28 35
29 36
30 37
31 38
33 40
34 41
35 42
36 43
37 44
38 45
39 46
41 48
42 49
43 50
44 51
45 52
46 53
47 54
49 56
50 57
51 58
52 59
53 60
54 61
55 62
57 64
58 65
59 66
60 67
61 68
62 69
63 70
65 72
66 73
67 74
68 75
69 76
70 77
71 78
73 80
74 81
75 82
76 83
77 84
78 85
79 86
81 88
82 89
83 90
84 91
85 92
86 93
87 94
97 104
98 105
99 106
100 107
101 108
102 109
103 110
105 112
106 113
107 114
108 115
109 116
110 117
111 118
113 120
114 121
115 122
116 123
117 124
118 125
119 126
121 128
122 129
123 130
124 131
125 132
126 133
127 134
129 136
130 137
131 138
132 139
133 140
134 141
135 142
137 144
138 145
139 146
140 147
141 148
142 149
143 150
145 152
146 153
147 154
148 155
149 156
150 157
151 158
153 160
154 161
155 162
156 163
157 164
158 165
159 166
161 168
162 169
163 170
164 171
165 172
166 173
167 174
169 176
170 177
171 178
172 179
173 180
174 181
175 182
177 184
178 185
179 186
180 187
181 188
182 189
183 190
193 200
194 201
195 202
196 203
197 204
198 205
199 206
201 208
202 209
203 210
204 211
205 212
206 213
207 214
209 216
210 217
211 218
212 219
213 220
214 221
215 222
217 224
218 225
219 226
220 227
221 228
222 229
223 230
225 232
226 233
227 234
228 235
229 236
230 237
231 238
233 240
234 241
235 242
236 243
237 244
238 245
239 246
241 248
242 249
243 250
244 251
245 252
246 253
247 254
249 256
250 257
251 258
252 259
253 260
254 261
255 262
257 264
258 265
259 266
260 267
261 268
262 269
263 270
265 272
266 273
267 274
268 275
269 276
270 277
271 278
273 280
274 281
275 282
276 283
277 284
278 285
279 286
289 296
290 297
291 298
292 299
293 300
294 301
295 302
297 304
298 305
299 306
300 307
301 308
302 309
303 310
305 312
306 313
307 314
308 315
309 316
310 317
311 318
313 320
314 321
315 322
316 323
317 324
318 325
319 326
321 328
322 329
323 330
324 331
325 332
326 333
327 334
329 336
330 337
331 338
332 339
333 340
334 341
335 342
337 344
338 345
339 346
340 347
341 348
342 349
343 350
345 352
346 353
347 354
348 355
349 356
350 357
351 358
353 360
354 361
355 362
356 363
357 364
358 365
359 366
361 368
362 369
363 370
364 371
365 372
366 373
367 374
369 376
370 377
371 378
372 379
373 380
374 381
375 382
385 392
386 393
387 394
388 395
389 396
390 397
391 398
393 400
394 401
395 402
396 403
397 404
398 405
399 406
401 408
402 409
403 410
404 411
405 412
406 413
407 414
409 416
410 417
411 418
412 419
413 420
414 421
415 422
417 424
418 425
419 426
420 427
421 428
422 429
423 430
425 432
426 433
427 434
428 435
429 436
430 437
431 438
433 440
434 441
435 442
436 443
437 444
438 445
439 446
441 448
442 449
443 450
444 451
445 452
446 453
447 454
449 456
450 457
451 458
452 459
453 460
454 461
455 462
457 464
458 465
459 466
460 467
461 468
462 469
463 470
465 472
466 473
467 474
468 475
469 476
470 477
471 478
481 488
482 489
483 490
484 491
485 492
486 493
487 494
489 496
490 497
491 498
492 499
493 500
494 501
495 502
497 504
498 505
499 506
500 507
501 508
502 509
503 510
505 512
506 513
507 514
508 515
509 516
510 517
511 518
513 520
514 521
515 522
516 523
517 524
518 525
519 526
521 528
522 529
523 530
524 531
525 532
526 533
527 534
529 536
530 537
531 538
532 539
533 540
534 541
535 542
537 544
538 545
539 546
540 547
541 548
542 549
543 550
545 552
546 553
547 554
548 555
549 556
550 557
551 558
553 560
554 561
555 562
556 563
557 564
558 565
559 566
561 568
562 569
563 570
564 571
565 572
566 573
567 574
577 584
578 585
579 586
580 587
581 588
582 589
583 590
585 592
586 593
587 594
588 595
589 596
590 597
591 598
593 600
594 601
595 602
596 603
597 604
598 605
599 606
601 608
602 609
603 610
604 611
605 612
606 613
607 614
609 616
610 617
611 618
612 619
613 620
614 621
615 622
617 624
618 625
619 626
620 627
621 628
622 629
623 630
625 632
626 633
627 634
628 635
629 636
630 637
631 638
633 640
634 641
635 642
636 643
637 644
638 645
639 646
641 648
642 649
643 650
644 651
645 652
646 653
647 654
649 656
650 657
651 658
652 659
653 660
654 661
655 662
657 664
658 665
659 666
660 667
661 668
662 669
663 670
673 680
674 681
675 682
676 683
677 684
678 685
679 686
681 688
682 689
683 690
684 691
685 692
686 693
687 694
689 696
690 697
691 698
692 699
693 700
694 701
695 702
697 704
698 705
699 706
700 707
701 708
702 709
703 710
705 712
706 713
707 714
708 715
709 716
710 717
711 718
713 720
714 721
715 722
716 723
717 724
718 725
719 726
721 728
722 729
723 730
724 731
725 732
726 733
727 734
729 736
730 737
731 738
732 739
733 740
734 741
735 742
737 744
738 745
739 746
740 747
741 748
742 749
743 750
745 752
746 753
747 754
748 755
749 756
750 757
751 758
753 760
754 761
755 762
756 763
757 764
758 765
759 766
769 776
770 777
771 778
772 779
773 780
774 781
775 782
777 784
778 785
779 786
780 787
781 788
782 789
783 790
785 792
786 793
787 794
788 795
789 796
790 797
791 798
793 800
794 801
795 802
796 803
797 804
798 805
799 806
801 808
802 809
803 810
804 811
805 812
806 813
807 814
809 816
810 817
811 818
812 819
813 820
814 821
815 822
817 824
818 825
819 826
820 827
821 828
822 829
823 830
825 832
826 833
827 834
828 835
829 836
830 837
831 838
833 840
834 841
835 842
836 843
837 844
838 845
839 846
841 848
842 849
843 850
844 851
845 852
846 853
847 854
849 856
850 857
851 858
852 859
853 860
854 861
855 862
865 872
866 873
867 874
868 875
869 876
870 877
871 878
873 880
874 881
875 882
876 883
877 884
878 885
879 886
881 888
882 889
883 890
884 891
885 892
886 893
887 894
889 896
890 897
891 898
892 899
893 900
894 901
895 902
897 904
898 905
899 906
900 907
901 908
902 909
903 910
905 912
906 913
907 914
908 915
909 916
910 917
911 918
913 920
914 921
915 922
916 923
917 924
918 925
919 926
921 928
922 929
923 930
924 931
925 932
926 933
927 934
929 936
930 937
931 938
932 939
933 940
934 941
935 942
937 944
938 945
939 946
940 947
941 948
942 949
943 950
945 952
946 953
947 954
948 955
949 956
950 957
951 958
961 968
962 969
963 970
964 971
965 972
966 973
967 974
969 976
970 977
971 978
972 979
973 980
974 981
975 982
977 984
978 985
979 986
980 987
981 988
982 989
983 990
985 992
986 993
987 994
988 995
989 996
990 997
991 998
993 1000
994 1001
995 1002
996 1003
997 1004
998 1005
999 1006
1001 1008
1002 1009
1003 1010
1004 1011
1005 1012
1006 1013
1007 1014
1009 1016
1010 1017
1011 1018
1012 1019
1013 1020
1014 1021
1015 1022
1017 1024
1018 1025
1019 1026
1020 1027
1021 1028
1022 1029
1023 1030
1025 1032
1026 1033
1027 1034
1028 1035
1029 1036
1030 1037
1031 1038
1033 1040
1034 1041
1035 1042
1036 1043
1037 1044
1038 1045
1039 1046
1041 1048
1042 1049
1043 1050
1044 1051
1045 1052
1046 1053
1047 1054
1057 1064
1058 1065
1059 1066
1060 1067
1061 1068
1062 1069
1063 1070
1065 1072
1066 1073
1067 1074
1068 1075
1069 1076
1070 1077
1071 1078
1073 1080
1074 1081
1075 1082
1076 1083
1077 1084
1078 1085
1079 1086
1081 1088
1082 1089
1083 1090
1084 1091
1085 1092
1086 1093
1087 1094
1089 1096
1090 1097
1091 1098
1092 1099
1093 1100
1094 1101
1095 1102
1097 1104
1098 1105
1099 1106
1100 1107
1101 1108
1102 1109
1103 1110
1105 1112
1106 1113
1107 1114
1108 1115
1109 1116
1110 1117
1111 1118
1113 1120
1114 1121
1115 1122
1116 1123
1117 1124
1118 1125
1119 1126
1121 1128
1122 1129
1123 1130
1124 1131
1125 1132
1126 1133
1127 1134
1129 1136
1130 1137
1131 1138
1132 1139
1133 1140
1134 1141
1135 1142
1137 1144
1138 1145
1139 1146
1140 1147
1141 1148
1142 1149
1143 1150
9 0
10 1
11 2
12 3
13 4
14 5
15 6
17 8
18 9
19 10
20 11
21 12
22 13
23 14
25 16
26 17
27 18
28 19
29 20
30 21
31 22
33 24
34 25
35 26
36 27
37 28
38 29
39 30
41 32
42 33
43 34
44 35
45 36
46 37
47 38
49 40
50 41
51 42
52 43
53 44
54 45
55 46
57 48
58 49
59 50
60 51
61 52
62 53
63 54
65 56
66 57
67 58
68 59
69 60
70 61
71 62
73 64
74 65
75 66
76 67
77 68
78 69
79 70
81 72
82 73
83 74
84 75
85 76
86 77
87 78
89 80
90 81
91 82
92 83
93 84
94 85
95 86
105 96
106 97
107 98
108 99
109 100
110 101
111 102
113 104
114 105
115 106
116 107
117 108
118 109
119 110
121 112
122 113
123 114
124 115
125 116
126 117
127 118
129 120
130 121
131 122
132 123
133 124
134 125
135 126
137 128
138 129
139 130
140 131
141 132
142 133
143 134
145 136
146 137
147 138
148 139
149 140
150 141
151 142
153 144
154 145
155 146
156 147
157 148
158 149
159 150
161 152
162 153
163 154
164 155
165 156
166 157
167 158
169 160
170 161
171 162
172 163
173 164
174 165
175 166
177 168
178 169
179 170
180 171
181 172
182 173
183 174
185 176
186 177
187 178
188 179
189 180
190 181
191 182
201 192
202 193
203 194
204 195
205 196
206 197
207 198
209 200
210 201
211 202
212 203
213 204
214 205
215 206
217 208
218 209
219 210
220 211
221 212
222 213
223 214
225 216
226 217
227 218
228 219
229 220
230 221
231 222
233 224
234 225
235 226
236 227
237 228
238 229
239 230
241 232
242 233
243 234
244 235
245 236
246 237
247 238
249 240
250 241
251 242
252 243
253 244
254 245
255 246
257 248
258 249
259 250
260 251
261 252
262 253
263 254
265 256
266 257
267 258
268 259
269 260
270 261
271 262
273 264
274 265
275 266
276 267
277 268
278 269
279 270
281 272
282 273
283 274
284 275
285 276
286 277
287 278
297 288
298 289
299 290
300 291
301 292
302 293
303 294
305 296
306 297
307 298
308 299
309 300
310 301
311 302
313 304
314 305
315 306
316 307
317 308
318 309
319 310
321 312
322 313
323 314
324 315
325 316
326 317
327 318
329 320
330 321
331 322
332 323
333 324
334 325
335 326
337 328
338 329
339 330
340 331
341 332
342 333
343 334
345 336
346 337
347 338
348 339
349 340
350 341
351 342
353 344
354 345
355 346
356 347
357 348
358 349
359 350
361 352
362 353
363 354
364 355
365 356
366 357
367 358
369 360
370 361
371 362
372 363
373 364
374 365
375 366
377 368
378 369
379 370
380 371
381 372
382 373
383 374
393 384
394 385
395 386
396 387
397 388
398 389
399 390
401 392
402 393
403 394
404 395
405 396
406 397
407 398
409 400
410 401
411 402
412 403
413 404
414 405
415 406
417 408
418 409
419 410
420 411
421 412
422 413
423 414
425 416
426 417
427 418
428 419
429 420
430 421
431 422
433 424
434 425
435 426
436 427
437 428
438 429
439 430
441 432
442 433
443 434
444 435
445 436
446 437
447 438
449 440
450 441
451 442
452 443
453 444
454 445
455 446
457 448
458 449
459 450
460 451
461 452
462 453
463 454
465 456
466 457
467 458
468 459
469 460
470 461
471 462
473 464
474 465
475 466
476 467
477 468
478 469
479 470
489 480
490 481
491 482
492 483
493 484
494 485
495 486
497 488
498 489
499 490
500 491
501 492
502 493
503 494
505 496
506 497
507 498
508 499
509 500
510 501
511 502
513 504
514 505
515 506
516 507
517 508
518 509
519 510
521 512
522 513
523 514
524 515
525 516
526 517
527 518
529 520
530 521
531 522
532 523
533 524
534 525
535 526
537 528
538 529
539 530
540 531
541 532
542 533
543 534
545 536
546 537
547 538
548 539
549 540
550 541
551 542
553 544
554 545
555 546
556 547
557 548
558 549
559 550
561 552
562 553
563 554
564 555
565 556
566 557
567 558
569 560
570 561
571 562
572 563
573 564
574 565
575 566
585 576
586 577
587 578
588 579
589 580
590 581
591 582
593 584
594 585
595 586
596 587
597 588
598 589
599 590
601 592
602 593
603 594
604 595
605 596
606 597
607 598
609 600
610 601
611 602
612 603
613 604
614 605
615 606
617 608
618 609
619 610
620 611
621 612
622 613
623 614
625 616
626 617
627 618
628 619
629 620
630 621
631 622
633 624
634 625
635 626
636 627
637 628
638 629
639 630
641 632
642 633
643 634
644 635
645 636
646 637
647 638
649 640
650 641
651 642
652 643
653 644
654 645
655 646
657 648
658 649
659 650
660 651
661 652
662 653
663 654
665 656
666 657
667 658
668 659
669 660
670 661
671 662
681 672
682 673
683 674
684 675
685 676
686 677
687 678
689 680
690 681
691 682
692 683
693 684
694 685
695 686
697 688
698 689
699 690
700 691
701 692
702 693
703 694
705 696
706 697
707 698
708 699
709 700
710 701
711 702
713 704
714 705
715 706
716 707
717 708
718 709
719 710
721 712
722 713
723 714
724 715
725 716
726 717
727 718
729 720
730 721
731 722
732 723
733 724
734 725
735 726
737 728
738 729
739 730
740 731
741 732
742 733
743 734
745 736
746 737
747 738
748 739
749 740
750 741
751 742
753 744
754 745
755 746
756 747
757 748
758 749
759 750
761 752
762 753
763 754
764 755
765 756
766 757
767 758
777 768
778 769
779 770
780 771
781 772
782 773
783 774
785 776
786 777
787 778
788 779
789 780
790 781
791 782
793 784
794 785
795 786
796 787
797 788
798 789
799 790
801 792
802 793
803 794
804 795
805 796
806 797
807 798
809 800
810 801
811 802
812 803
813 804
814 805
815 806
817 808
818 809
819 810
820 811
821 812
822 813
823 814
825 816
826 817
827 818
828 819
829 820
830 821
831 822
833 824
834 825
835 826
836 827
837 828
838 829
839 830
841 832
842 833
843 834
844 835
845 836
846 837
847 838
849 840
850 841
851 842
852 843
853 844
854 845
855 846
857 848
858 849
859 850
860 851
861 852
862 853
863 854
873 864
874 865
875 866
876 867
877 868
878 869
879 870
881 872
882 873
883 874
884 875
885 876
886 877
887 878
889 880
890 881
891 882
892 883
893 884
894 885
895 886
897 888
898 889
899 890
900 891
901 892
902 893
903 894
905 896
906 897
907 898
908 899
909 900
910 901
911 902
913 904
914 905
915 906
916 907
917 908
918 909
919 910
921 912
922 913
923 914
924 915
925 916
926 917
927 918
929 920
930 921
931 922
932 923
933 924
934 925
935 926
937 928
938 929
939 930
940 931
941 932
942 933
943 934
945 936
946 937
947 938
948 939
949 940
950 941
951 942
953 944
954 945
955 946
956 947
957 948
958 949
959 950
969 960
970 961
971 962
972 963
973 964
974 965
975 966
977 968
978 969
979 970
980 971
981 972
982 973
983 974
985 976
986 977
987 978
988 979
989 980
990 981
991 982
993 984
994 985
995 986
996 987
997 988
998 989
999 990
1001 992
1002 993
1003 994
1004 995
1005 996
1006 997
1007 998
1009 1000
1010 1001
1011 1002
1012 1003
1013 1004
1014 1005
1015 1006
1017 1008
1018 1009
1019 1010
1020 1011
1021 1012
1022 1013
1023 1014
1025 1016
1026 1017
1027 1018
1028 1019
1029 1020
1030 1021
1031 1022
1033 1024
1034 1025
1035 1026
1036 1027
1037 1028
1038 1029
1039 1030
1041 1032
1042 1033
1043 1034
1044 1035
1045 1036
1046 1037
1047 1038
1049 1040
1050 1041
1051 1042
1052 1043
1053 1044
1054 1045
1055 1046
1065 1056
1066 1057
1067 1058
1068 1059
1069 1060
1070 1061
1071 1062
1073 1064
1074 1065
1075 1066
1076 1067
1077 1068
1078 1069
1079 1070
1081 1072
1082 1073
1083 1074
1084 1075
1085 1076
1086 1077
1087 1078
1089 1080
1090 1081
1091 1082
1092 1083
1093 1084
1094 1085
1095 1086
1097 1088
1098 1089
1099 1090
1100 1091
1101 1092
1102 1093
1103 1094
1105 1096
1106 1097
1107 1098
1108 1099
1109 1100
1110 1101
1111 1102
1113 1104
1114 1105
1115 1106
1116 1107
1117 1108
1118 1109
1119 1110
1121 1112
1122 1113
1123 1114
1124 1115
1125 1116
1126 1117
1127 1118
1129 1120
1130 1121
1131 1122
1132 1123
1133 1124
1134 1125
1135 1126
1137 1128
1138 1129
1139 1130
1140 1131
1141 1132
1142 1133
1143 1134
1145 1136
1146 1137
1147 1138
1148 1139
1149 1140
1150 1141
1151 1142
